4.40163
4.20766
1.51393
1.23855
1.22758
1.23252
1.458
1.61061
1.49969
1.22233
1.2127
0.997465
1.14605
1.41063
1.48956
1.40187
1.47631
1.3447
1.1859
1.4262
1.43658
1.38427
1.24344
1.18901
1.06332
1.00655
0.923604
0.673761
1.00404
1.00044
0.647448
1.24008
1.52374
1.34376
1.42949
1.28898
0.939289
0.66494
0.749209
0.878971
0.915224
0.860901
0.859976
0.943907
0.920122
1.01402
1.2473
0.906227
0.885172
0.808844
1.02289
2.56415
1.27861
1.08727
0.83229
0.690952
0.797794
1.0566
1.41058
1.25326
1.2949
1.31317
1.22886
1.27915
1.30281
1.24172
1.20615
1.10797
1.18179
1.13019
1.19033
1.1176
1.12212
1.34427
1.15956
1.22831
1.16883
1.10587
1.10027
1.13244
1.0736
1.06142
1.03318
0.978104
0.942388
0.909957
0.920572
0.625549
0.574049
0.738928
0.730647
0.784253
0.92476
1.22967
0.983534
0.937299
0.833539
0.769607
0.830628
0.819179
0.841915
0.862827
0.820498
0.938581
1.13168
1.20252
1.10693
1.16341
1.22059
1.00129
