3.91824
4.49389
1.60201
1.43859
1.42371
1.44723
1.46052
1.31564
1.36973
1.34633
1.18488
1.13573
1.20221
1.8553
1.67168
1.76069
2.08031
1.88679
1.5328
1.3764
1.4566
1.15231
0.974052
0.81402
1.04943
0.811592
0.852122
0.732286
0.755519
0.83308
0.826225
0.797451
0.787937
0.671073
0.70308
0.645593
0.647581
0.60683
0.575823
0.591508
0.531375
0.597884
0.598744
0.574589
0.616707
0.555224
0.59879
0.659576
0.770366
0.659021
0.643991
0.689947
0.662756
0.640152
0.583049
0.598335
0.847976
1.27988
1.03929
1.01736
0.916713
0.894932
0.823679
0.753472
0.789578
1.03481
1.03686
1.1418
1.46601
1.01369
1.13757
0.972771
0.464814
0.432002
0.384501
0.391274
0.394806
0.582754
0.512204
0.53185
0.533208
0.513918
0.476993
0.556451
0.693182
1.16713
1.16564
1.27976
1.15022
1.17446
1.22804
1.12397
1.10805
1.06868
1.09714
0.724559
0.487425
0.419366
0.419158
0.353542
0.380532
0.444597
0.4845
0.477711
0.542231
0.442395
0.34528
0.328502
0.385383
0.498965
