5.56641
5.02237
12.7627
13.7799
12.2009
11.9215
12.8059
12.784
11.6997
12.0076
11.8743
11.619
11.2814
11.5223
11.7227
11.3182
11.7172
11.5058
13.9983
14.1777
12.7085
13.0118
11.5716
11.5924
11.3782
11.4633
11.6513
11.4326
11.5417
11.3446
11.5929
11.607
11.3211
11.5862
11.4284
11.5067
11.603
11.5115
11.4667
11.6043
11.5049
11.5831
11.4176
11.4015
11.5597
11.5417
11.6463
12.3556
11.7843
11.5371
11.464
11.5332
11.4488
11.54
11.5445
11.4813
11.6535
11.5127
11.424
11.6953
11.9837
12.2112
11.4928
11.7561
11.8368
11.6622
11.543
11.8831
11.7897
11.5901
11.955
11.589
11.8133
11.5449
11.9321
11.5546
11.7525
11.4799
11.6463
11.6698
11.7515
11.8079
11.873
11.4559
11.8082
11.75
11.6068
11.8217
11.8364
11.5889
12.0145
11.4685
11.6273
11.5338
11.7885
11.7129
11.8459
11.5712
11.8209
11.5514
11.7924
11.8113
11.8172
11.6399
11.5679
11.9581
11.5512
11.8463
11.7145
11.3714
