4.75325
4.56393
2.77832
4.37846
3.3736
4.37255
3.57104
4.10593
3.36597
4.06138
3.3475
3.38358
3.34692
3.0147
4.80902
2.86861
2.72154
2.73562
3.02605
4.40483
2.44356
2.60988
2.7295
2.92885
3.83143
3.485
2.6349
2.65687
2.60692
3.08597
3.51846
2.6009
2.50167
2.54122
2.7946
2.67252
3.74519
2.54684
2.59914
2.58641
2.61992
2.58033
2.64389
2.43475
2.59764
2.73036
2.5131
2.57656
2.61748
2.55276
2.43748
2.62977
2.77366
3.14764
2.76462
2.58204
2.59185
2.58209
2.7056
2.56319
2.7169
2.81469
2.40858
2.62823
2.66684
2.53132
2.73011
2.71615
2.56124
2.43586
2.77245
2.67752
2.48298
2.68899
2.54753
2.60401
2.61947
2.58497
2.50959
2.60731
2.47978
2.53032
2.50536
2.60495
2.54167
2.6085
2.53034
2.57401
2.60454
2.47944
2.60093
2.41744
2.62438
2.60424
2.54916
2.74635
2.46907
2.39024
2.65125
2.62374
2.64085
2.34224
2.66762
2.49459
2.34374
2.43477
2.82342
2.31828
2.81934
2.35259
