5.33273
3.88045
1.32931
1.17282
1.00744
0.804486
0.936945
1.19206
1.14558
1.06877
1.07165
1.21726
1.07164
1.0651
0.829997
0.695095
0.7021
0.666761
0.672619
0.780474
0.787467
0.862203
1.05795
1.14982
1.32402
1.1302
1.05893
1.08076
1.1215
1.55574
1.2222
1.13027
0.882803
0.804967
1.08253
1.04343
1.1255
1.04583
1.12514
1.37901
1.22373
1.31884
1.24726
1.30352
1.12002
1.15132
1.18859
1.14857
1.02203
0.923512
0.906303
0.957144
1.06691
1.2697
1.09624
1.09229
1.11043
1.06346
1.10241
1.26389
1.02957
1.06716
1.03053
0.996519
1.00113
0.792476
0.748988
0.76958
1.17402
1.58658
1.3396
1.19157
1.52053
1.50608
1.42657
1.27173
1.41447
1.54004
1.04701
0.858893
0.841195
0.679329
0.752447
0.892631
1.34472
2.30728
1.51734
1.54784
1.79615
1.67882
1.56399
1.91521
1.91809
1.3701
1.84748
1.73744
1.99295
1.96594
1.55549
1.13779
1.12927
0.939935
0.669147
1.10606
1.16167
1.20399
0.865536
0.771101
0.860295
1.07053
