2.51679
4.34204
1.07325
1.06584
1.45046
2.65126
1.39449
1.47063
1.1327
1.34801
1.52124
1.66271
2.62217
1.49026
1.18592
1.31174
1.64482
2.47108
1.98528
3.5524
2.57881
2.63556
1.45722
0.998339
0.938978
0.999121
1.42579
1.51489
1.52883
1.49919
2.1158
2.23179
1.27919
1.25643
1.13157
1.08188
1.15862
1.2446
1.19458
1.16066
1.19956
1.22365
1.81786
2.23681
1.1546
1.10955
1.08476
0.765077
0.588285
0.85657
1.03941
0.823941
1.13728
0.638179
1.01456
0.921404
0.952753
1.98854
2.26361
1.45873
1.39399
1.36075
1.24194
1.15087
1.10619
1.07547
1.17841
1.14529
1.11386
1.12216
1.49265
1.28427
1.28496
1.8274
1.17502
1.08087
1.09191
1.09968
1.10003
1.1293
1.13084
1.15979
1.26659
2.08862
1.25291
1.36013
1.36536
1.42072
1.27905
1.20266
1.12639
1.19608
1.14375
1.17027
1.19744
1.22299
1.67092
1.24723
1.2447
1.40522
1.31884
1.26038
1.34985
1.21275
1.2709
1.21343
1.31738
1.53071
1.42087
1.25529
