3.56617
3.9728
1.68707
1.29805
1.03136
1.50781
1.35094
1.70656
1.80161
1.43914
1.0261
1.68336
1.98922
1.77311
1.1729
1.59386
1.39707
1.51498
1.565
1.33993
1.42491
1.36604
2.13624
1.12804
2.06297
1.30916
1.54573
1.21091
1.54257
1.32716
1.36446
1.5789
1.43472
1.24361
1.87693
1.78294
1.36947
1.40917
1.38873
1.378
1.43469
1.42095
1.50283
1.4207
1.34838
1.42397
1.79572
1.41463
1.39214
1.38869
1.36244
1.41283
1.4222
1.52054
1.49317
1.33614
1.4427
1.34019
1.4269
1.42253
1.36488
1.40642
1.37339
1.56069
1.3431
1.38118
1.40563
1.37495
1.43571
1.45502
1.39797
1.4178
1.39865
1.37912
1.43068
1.45304
1.612
1.53003
1.5
1.43556
1.34239
1.17266
1.61174
1.41716
1.48217
1.49922
1.31489
1.29332
1.59218
1.34472
1.48979
1.43081
1.41607
1.34605
1.52142
1.30613
1.42598
1.46578
1.37961
1.46147
1.41392
1.44568
1.4098
1.59576
1.37113
1.3977
1.48632
1.44095
1.50001
1.39684
