5.9624
4.57051
61.1067
58.0275
57.4765
56.8114
56.4882
56.4558
56.5297
58.5883
58.762
57.7195
57.3624
56.9758
56.5959
56.3691
56.5815
57.1525
56.7998
57.1273
56.9928
57.0877
56.6641
56.9742
57.0366
56.6885
57.065
57.1778
57.0499
56.8178
57.1428
56.7753
56.8267
56.8689
56.734
56.6145
56.3331
56.7465
56.5873
56.2061
56.267
56.6813
56.5235
56.897
56.642
56.3807
56.4522
56.5157
56.4739
56.3142
56.295
56.5444
56.5335
56.3642
56.6044
56.349
56.5096
56.3086
56.4892
56.2178
56.8135
56.3979
56.3224
56.2805
56.5126
56.5319
56.373
56.4639
56.4802
56.5289
56.5786
56.524
56.2654
56.5607
56.5221
56.4495
56.1178
56.5722
56.4687
56.3938
56.4318
56.2921
56.4857
56.409
56.5437
56.2869
56.5164
56.5053
56.6581
56.0915
56.6909
56.2474
56.3042
56.5033
56.2153
56.6011
56.4566
56.6106
56.7234
56.3355
56.6504
56.7262
56.5653
56.326
56.6879
56.1848
56.7596
56.3094
56.3243
56.3255
