2.8987
3.05847
6.83076
7.38511
7.37017
6.25747
6.90029
6.26118
6.11636
6.32812
5.8932
6.02743
5.97169
6.00803
6.03083
5.79421
5.97662
5.84353
5.99108
5.83884
5.9683
5.88064
6.05024
5.80779
5.93838
5.96187
6.02247
5.58206
6.09927
5.84791
6.00033
5.97181
6.39532
6.68815
7.2105
5.9503
6.23566
6.25067
5.93354
5.88811
6.13932
6.05661
5.94591
5.99375
5.91833
6.19436
6.0004
5.74818
6.02787
6.03122
6.03553
5.93867
5.92962
5.9633
6.05745
5.82406
6.2438
5.87673
6.02611
6.06186
5.90738
6.00064
5.98354
5.98347
5.97485
6.14642
5.99679
6.04258
5.96008
5.88245
5.93998
6.00671
5.92631
6.11127
5.98549
5.9839
6.02929
5.89515
6.12254
5.78104
6.03365
6.05679
5.92815
5.85327
6.27556
6.31458
6.15722
6.27378
5.98835
7.12574
6.00773
7.26178
5.93952
6.39646
6.69385
6.19617
6.40406
6.3339
6.00084
5.82307
6.00755
5.58731
6.06407
5.87734
5.84222
5.95129
6.05108
5.76942
5.98215
5.81153
