5.28166
4.24703
1.77694
1.60743
1.81028
1.88386
1.69273
1.69719
1.52393
1.59243
1.57485
1.3199
1.32645
1.37248
1.45726
1.63806
1.73539
1.57058
2.38598
1.47783
1.30292
1.36078
1.16236
1.07309
1.15941
1.13098
1.25235
1.61267
1.21563
1.60468
1.14669
1.18369
1.25565
0.976757
0.895794
0.799556
0.875219
0.926677
1.00743
1.03519
1.04273
1.19117
1.15285
1.13386
1.42991
0.678654
0.682541
0.726683
0.646964
0.71826
0.659342
0.675865
0.69737
0.70135
0.674937
0.701536
0.697797
0.694156
0.715985
0.835798
0.738525
0.706811
1.50152
0.653769
1.7377
0.624612
0.670284
0.689827
0.700249
0.71342
0.825445
0.822867
0.748244
0.495814
0.643936
1.35908
3.16269
1.73813
1.70396
2.20339
1.4078
0.983976
1.13104
1.07675
0.927647
0.813735
0.852798
0.7088
0.945269
1.5623
2.35466
3.33654
1.67813
1.55129
1.20429
1.66781
1.73111
1.82264
1.58822
1.80289
2.96176
1.76169
1.76837
1.46889
1.29423
1.34547
1.79719
1.51927
1.5852
1.83133
