4.46535
4.96911
22.4699
24.0103
25.8078
25.4283
26.1662
24.3538
23.2001
22.8535
22.6885
22.7542
22.7177
22.8273
22.7573
22.7332
22.7582
22.7019
22.7799
22.8433
22.7435
22.6051
22.7035
22.7373
22.4625
25.0939
24.8866
24.7191
23.3146
23.2086
22.9473
23.0938
22.9244
22.6668
22.8633
22.698
22.7623
22.6707
22.8041
22.8552
22.8664
22.6762
22.7333
22.7695
22.8868
22.7664
22.7652
22.8102
22.9424
23.0069
23.0963
23.006
23.0754
22.968
23.2171
22.9431
23.2119
23.0699
23.306
22.9764
23.0579
22.9786
22.9256
23.1292
23.1722
23.3276
23.0056
23.1174
23.0788
23.0086
23.1493
23.2461
23.257
23.0947
23.2449
22.9198
23.2526
22.9797
23.1048
22.9227
23.159
23.0733
23.0307
22.9633
22.8667
22.7244
22.5291
22.8778
22.6629
22.7118
22.8533
22.7001
22.835
22.892
22.5997
22.5295
22.8276
22.793
22.6585
22.7161
22.6668
22.9471
22.8897
22.7261
22.7125
22.815
22.7125
22.8376
22.6422
22.645
