4.04989
4.32306
1.88157
1.42991
1.44989
1.49015
1.41622
1.21939
1.17196
1.18353
1.09225
1.09662
1.13276
1.35167
1.13934
1.34979
1.23269
1.22197
1.06859
1.08499
1.00098
0.893469
0.891263
0.79746
1.09087
1.92226
1.33008
1.14778
1.30955
1.33174
1.33349
1.03489
0.870844
0.804059
0.877284
0.769846
0.759671
0.748649
0.760969
0.77676
0.704058
0.679307
0.711758
0.76986
1.08244
1.16814
1.08857
1.0886
0.724581
0.414254
0.358307
0.503533
0.56615
0.508437
0.54279
0.525773
0.487697
0.569435
0.515829
0.511038
0.515401
0.503933
0.532108
0.498691
0.545056
0.492867
0.54823
0.511092
0.531263
0.500914
0.566636
0.522541
0.580809
0.594252
1.16488
1.74281
1.54235
1.34319
1.31289
1.19714
1.1274
1.08884
1.19092
1.17496
1.15428
1.17937
1.05493
1.06277
0.895466
1.24872
1.30794
1.30632
1.29812
1.57298
1.525
1.3793
1.25381
1.55275
1.58731
1.42739
1.36345
1.2145
1.06531
1.01247
0.856999
1.04068
1.13477
0.936987
0.816542
0.759076
