#1.28001
#0.847894
#5.44633
#5.50815
#7.92333
#5.53854
#3.99998
#4.75067
#4.805
#3.78213
1.28014
1.45638
1.23533
1.55424
1.30387
1.32399
1.42359
1.37391
1.22839
1.42941
1.42016
1.24666
1.39945
1.24168
1.3263
1.32405
1.34156
1.35167
1.41956
1.42337
1.46145
1.36735
1.31769
1.35038
1.3764
1.26853
1.40901
1.45152
1.41197
1.49413
1.357
1.36199
1.32909
1.2378
1.36111
1.44662
1.39973
1.20399
1.33791
1.35365
1.32414
1.37461
1.44064
1.3501
1.35569
1.34397
1.45867
1.40671
1.20987
1.34456
1.36733
1.37385
1.34829
1.31024
1.38931
1.34601
1.32853
1.37043
1.34359
1.34349
1.41128
1.34604
1.31564
1.41834
1.33589
1.28183
1.41081
1.31876
1.35727
1.3698
1.39159
1.43095
1.34887
1.2563
1.36631
1.33078
1.33427
1.51364
1.35838
1.34556
1.33668
1.3621
1.32314
1.38012
1.31619
1.38394
1.25666
1.38149
1.41581
1.27859
