#1.64771
#1.20388
#9.5906
#12.4811
#11.7235
#6.68353
#6.60371
#4.35468
#2.44904
#2.31206
2.50497
2.44144
2.29233
2.39903
2.38642
2.49829
2.30971
2.30382
2.49192
2.37363
2.41487
2.36312
2.41698
2.33685
2.47351
2.41315
2.35063
2.4004
2.38062
2.41845
2.37967
2.32743
2.45908
2.34689
2.43093
2.41601
2.32353
2.44832
2.34796
2.42508
2.42454
2.39254
2.44565
2.38793
2.48717
2.4125
2.30956
2.50853
2.30867
2.46541
2.41069
2.31631
2.42575
2.3241
2.49725
2.4205
2.3698
2.41186
2.30949
2.48717
2.40637
2.44893
2.44893
2.27607
2.4682
2.34296
2.39959
2.46332
2.37603
2.36682
2.46443
2.36253
2.31081
2.47882
2.36276
2.47244
2.34487
2.42364
2.33208
2.43012
2.4767
2.3081
2.45093
2.34878
2.44472
2.40225
2.58923
2.94373
2.29771
2.29181
2.46245
2.31715
2.43973
2.42988
2.36532
2.41359
2.44972
2.30012
2.48971
2.54922
