#1.63633
#1.05055
#9.50314
#11.9657
#8.36676
#7.46534
#6.68578
#3.00779
#2.02932
#2.49963
2.36855
2.38491
2.3562
2.1435
2.24729
2.35894
2.3344
2.22142
2.37276
2.32823
2.23181
2.3438
2.30643
2.27294
2.33482
2.34891
2.30506
2.30347
2.34371
2.31345
2.25283
2.30229
2.3602
2.40568
3.33358
2.78507
2.42386
2.31787
2.33605
2.42295
2.33012
2.31449
2.3445
2.21906
2.34959
2.31061
2.30977
2.29009
2.37932
2.31981
2.23023
2.32958
2.32513
2.27424
2.39001
2.4377
2.41077
2.25723
2.35117
2.2666
2.50897
2.3048
2.33018
2.31344
2.30516
2.32764
2.31645
2.3097
2.27921
2.33185
2.34428
2.27786
2.34238
2.31104
2.2718
2.293
2.46557
2.30152
2.33963
2.3209
2.27535
2.39568
2.31857
2.30642
2.34243
2.34448
2.33325
2.23195
2.26181
2.44309
2.32539
2.22749
2.26974
2.28376
2.32356
2.30698
2.49089
2.26807
2.41985
2.44021
