1.27979
8.04637
7.66937
5.90775
3.54658
3.43458
3.03342
2.76338
2.96304
2.0095
2.06542
2.15587
2.10067
2.10858
2.08312
2.11633
2.13429
2.72662
2.55217
2.09496
2.10763
2.11979
2.12092
2.13875
2.555
2.81583
2.77604
2.80358
2.43938
2.08379
2.24525
3.28383
2.81767
2.78279
2.73129
2.77346
3.09667
3.46375
3.41421
3.43763
3.1745
3.10862
3.70279
3.39471
3.46021
3.54163
3.93575
4.09729
4.10317
3.72967
3.68433
4.11071
4.08362
4.12325
3.77267
4.08887
4.12883
4.13054
3.67467
4.13338
4.15675
4.00671
4.32342
4.76254
3.95892
4.01363
4.24471
5.31029
4.05279
3.97942
4.41362
5.7535
4.60104
4.04283
5.18758
5.35717
5.20321
4.83308
5.36529
5.67558
4.54558
5.46892
5.43017
5.39025
5.49746
4.71758
4.07521
5.11804
4.25629
4.17063
6.99862
2.18008
4.36233
3.93083
4.59829
4.29263
4.18308
4.87512
3.72429
4.32179
3.97083
4.16379
4.40404
3.74629
5.59492
2.736
3.823
4.04325
3.90862
