1.42213
3.66742
2.44554
2.34592
2.39825
2.407
2.26417
2.64979
2.32658
2.51817
2.46846
2.40308
2.51937
2.65488
3.01096
3.01533
3.08379
2.50033
2.38408
2.61096
2.98379
2.971
3.12271
3.09217
2.71983
3.53671
3.53733
3.15008
2.96467
3.00179
3.21654
3.59512
3.23183
2.95237
3.03083
3.18104
3.51633
3.53429
4.44846
1.78017
3.37242
3.35317
3.62213
3.65762
2.92629
4.04675
3.62896
4.32258
4.22796
3.88408
4.55208
3.32271
3.61792
3.84037
4.75921
3.99404
3.51012
3.80812
4.43671
3.73213
3.45629
3.63508
4.21863
3.67721
3.52513
3.31529
3.58937
3.54529
3.71575
3.58775
3.50813
3.26679
3.80383
3.6785
3.57333
3.4055
3.53996
3.71508
3.60825
3.46346
3.49492
3.50958
3.44842
3.68613
3.55229
3.56296
5.12992
3.38646
3.55163
3.70804
4.88488
4.3685
3.89417
3.31888
4.61354
4.79954
3.53312
3.72075
5.0515
4.49021
3.69983
3.63875
5.09375
4.76663
3.92621
3.80462
4.75412
4.40983
3.57083
