1.25354
8.84654
5.59267
7.26442
6.94563
6.92354
7.35917
8.31046
7.867
8.40267
8.87521
8.25183
8.52425
8.61475
8.42158
11.0659
8.97117
9.40517
9.56479
9.15208
10.1181
8.78887
8.88937
9.18079
9.45808
9.71179
10.251
8.34917
9.33392
8.74267
9.14883
8.50662
9.03683
9.76825
7.47054
10.0083
8.05742
10.0614
8.84058
10.5642
9.84496
9.18812
9.39467
8.58042
10.5717
8.75767
9.60504
8.87225
8.76208
8.63029
10.342
7.62087
9.12296
8.51592
8.81312
9.59887
7.81796
9.68246
9.63179
7.52988
9.95029
9.57667
9.15892
9.24525
8.84983
8.68658
9.50046
9.07613
10.2969
8.56883
9.65783
8.60829
9.60254
8.59025
9.05787
8.938
8.41633
9.41717
7.80233
8.54496
9.98996
7.33946
9.04208
8.81008
8.84004
10.0561
9.19662
10.6602
9.79767
7.65463
8.5775
9.10558
8.9895
7.90271
8.92238
8.35067
9.14258
9.82004
8.57529
8.07912
9.19342
9.7685
7.65796
10.0537
7.09921
10.8078
6.46325
9.553
8.17183
