1.34837
24.3992
12.5243
8.22213
7.58808
8.727
9.25496
9.39867
8.45237
10.1796
10.7487
12.2719
12.6896
14.019
13.6574
16.2146
15.0021
15.6738
15.7495
17.7019
18.938
20.0034
19.5025
16.6562
16.9425
16.9165
14.9608
15.6972
15.1689
15.4576
17.4134
16.1309
16.4878
16.7873
16.2311
15.6335
15.5627
15.105
14.5446
14.675
13.8862
14.1486
14.6682
15.2613
16.2277
15.2846
15.5957
14.9122
17.6296
17.1753
12.9688
13.2342
13.7677
13.6157
13.1588
13.6384
13.6334
14.6222
13.8042
14.8289
15.4707
14.4869
13.7886
13.4316
13.2487
13.3276
13.2787
12.4996
12.9128
13.0177
13.5234
12.926
13.6822
15.7015
13.4618
13.942
13.5188
13.6265
12.3411
13.6749
14.7906
12.573
12.9562
12.9842
14.7483
13.5165
12.4308
13.2115
12.2785
12.5561
13.296
11.922
13.0919
19.6145
6.05612
15.4107
10.4478
14.2659
14.079
13.8251
15.1687
13.3231
13.5656
12.6628
13.3785
13.1741
13.2125
12.894
13.3487
