#1.3245
#33.9378
#14.7486
#12.6576
#11.3816
#12.4757
#13.3534
#14.6511
#15.9938
#18.0915
18.954
20.7429
20.4521
20.4826
24.6429
26.7783
23.9757
22.1445
21.9569
23.1154
22.0338
32.7229
18.4906
31.7945
24.8089
25.2902
27.5916
21.5268
21.8948
22.1286
20.4614
21.1352
20.0825
20.7563
24.3773
21.3236
26.7725
20.8923
19.1268
20.2265
20.3853
19.7422
20.7706
20.7097
28.916
20.32
25.6045
24.623
29.8448
18.4369
18.8168
19.0093
20.0811
25.0899
26.8279
18.9359
20.0567
23.0023
21.3475
17.9058
18.7112
18.996
20.6406
22.0895
22.8394
21.9223
20.3305
22.0074
21.9185
21.363
23.785
25.4018
20.561
23.565
25.7983
23.176
18.5007
26.9205
20.6892
24.4425
20.9189
24.9984
22.5652
24.2432
18.374
28.364
20.5279
19.0063
19.674
21.1653
21.9003
25.7106
23.7136
29.7481
23.0805
20.3423
23.1026
22.1944
23.6596
31.8622
23.6447
19.5059
20.4941
18.5574
19.9674
20.5068
23.8146
24.3023
20.18
