#1.50021
#6.22667
#4.22496
#3.924
#3.2955
#4.80675
#4.30775
#4.26896
#4.69625
#5.36875
4.67679
4.35537
5.55837
5.21904
5.407
5.89812
5.31729
5.47833
6.20529
5.60404
5.61346
6.41913
5.28525
5.59533
6.35029
5.35392
5.95113
8.16
5.14421
6.25025
6.10883
5.36492
7.48758
5.91025
6.7395
7.54504
5.949
6.74279
6.23683
6.49083
6.61254
6.13463
6.12433
6.19875
5.59179
6.38692
5.95521
5.51442
6.97958
5.3125
5.85325
5.9155
5.28646
5.84629
5.7975
5.36329
6.03367
5.60637
5.29117
5.99479
5.48225
4.99308
6.29254
6.05354
5.23075
5.965
6.4965
5.87087
6.31542
6.6165
5.55075
6.40721
6.07308
5.87433
7.18717
4.71442
6.18808
6.266
5.246
6.11396
5.1685
5.38867
6.20121
5.30262
5.18012
6.53146
5.73933
5.68679
6.16521
5.25287
5.45642
6.34554
5.58613
5.56575
5.752
5.29908
6.16496
5.40521
5.49271
5.55963
5.33588
5.29696
5.58933
5.40204
5.37842
5.41563
5.43329
5.37367
5.29212
