#1.62808
#9.65683
#5.81629
#7.88383
#7.84221
#7.82329
#6.25187
#6.031
#8.44108
#6.61392
7.90988
7.83379
8.40108
8.07762
8.8455
8.44137
9.88833
8.70329
11.0126
10.409
9.65229
10.6397
10.243
10.3532
10.9058
10.0033
11.4439
11.1776
9.57692
11.2441
10.2588
9.72971
10.7822
10.3481
10.3504
10.3078
10.3264
9.43467
11.1728
10.9363
11.4694
10.52
11.694
10.7885
9.64813
10.595
11.1612
10.0945
10.8788
10.5467
9.37508
10.2512
10.0891
10.1375
9.73508
10.2847
9.95117
10.6404
10.7333
10.9239
10.276
13.1827
10.4993
9.84225
10.6345
10.6407
10.1007
10.8881
10.2471
11.922
8.19525
9.89883
10.7774
9.405
9.56917
9.94346
9.72054
10.0103
10.2088
9.43817
9.42654
9.49129
9.49417
10.412
9.19221
10.9491
9.03438
9.21588
9.65596
9.42558
10.9485
9.56813
11.4085
11.2226
8.97687
9.9075
10.117
10.2492
9.97321
9.96337
9.34813
9.99517
8.90742
9.37021
9.17292
10.146
9.69946
9.48987
10.165
