#1.38767
#7.71387
#5.70521
#3.42996
#3.39321
#2.98554
#2.58942
#2.48708
#2.28925
#1.97779
1.98396
1.88058
1.92867
1.88646
1.90942
2.08125
1.98446
2.49438
2.45821
2.05025
2.02483
1.87625
1.91863
1.99158
2.15921
2.37296
2.56433
2.49367
2.62037
2.591
2.15379
1.89704
3.14367
2.57038
2.44542
2.58425
2.58446
2.57675
3.0935
3.11413
3.13125
3.31329
3.10983
3.1495
3.68829
3.379
3.08642
3.16642
3.44458
3.79462
3.79212
3.78313
3.34833
3.73071
3.90942
3.73771
3.51108
3.34537
3.83712
3.79725
3.88521
3.68858
4.26621
3.76717
3.82296
3.87458
3.77346
4.00404
3.80204
3.42517
3.9835
4.46408
3.80504
3.81363
3.6715
5.10692
5.04529
4.15954
4.44458
5.00488
5.00658
4.38808
4.69108
4.98092
5.06313
5.10887
5.20379
4.45079
4.06225
4.8545
5.07842
3.47538
4.03683
4.99558
4.66792
3.64317
4.15496
3.79558
3.82371
3.54008
4.01837
4.20479
3.99821
3.87175
5.10258
2.94608
4.11937
3.808
3.78308
