#1.63904
#30.8735
#32.636
#29.1828
#30.908
#33.9041
#35.948
#39.7067
#50.4671
#37.8971
41.4658
40.1037
48.0642
45.0215
44.6956
40.8663
39.4972
48.9901
44.2467
37.3325
43.5392
36.4187
46.6193
40.6328
43.9576
38.7602
45.2957
46.3092
51.1658
43.0147
36.907
42.3885
41.7233
45.2195
37.0545
38.1841
50.073
41.3716
36.4629
38.7615
36.923
51.5859
34.8192
46.612
40.8433
40.4256
40.3479
40.2969
41.2999
36.2329
45.0065
39.9466
44.0019
39.7703
38.6422
39.3971
35.8651
36.7325
39.3616
42.9375
38.016
38.5023
37.6974
36.7988
43.829
44.1155
36.1332
39.9353
37.6906
41.5814
47.8017
39.1274
36.824
35.657
44.5241
40.4891
38.8798
37.8162
38.1188
41.5652
41.1385
38.442
47.0073
42.0814
47.5214
49.2501
31.5715
45.8385
52.9092
40.7371
46.2162
44.3849
45.2788
37.4339
38.35
44.9695
39.6143
38.4444
40.568
38.0389
40.7628
44.5209
42.9628
36.8715
36.537
43.6166
39.0491
40.1845
37.8172
