1.77775
2.89021
1.06623
1.4953
1.64278
1.88408
1.39848
1.31626
1.30502
1.3812
1.27765
1.18925
1.14168
1.11558
1.17409
1.24825
1.09058
0.854417
1.29924
1.38122
0.752508
1.04834
0.899945
1.17825
1.41989
1.64464
1.81112
1.85057
1.64571
1.36562
1.49576
1.38323
1.35129
1.31996
1.16737
1.12948
1.18991
1.31012
1.30586
1.48892
1.5801
1.66006
1.27677
1.5659
1.20175
1.10224
1.17382
1.27616
1.31624
1.18439
0.931705
0.791162
0.671125
0.89273
0.833277
0.942369
0.874252
0.849973
0.876393
0.86064
0.898663
0.851387
0.867021
0.843042
0.882333
1.07915
1.24763
1.0067
1.05716
0.89302
0.811618
0.886518
0.805922
0.813725
0.885139
0.841071
0.751589
0.731198
0.7072
0.702052
0.730957
1.29056
1.41478
1.23344
0.980386
1.4461
1.40674
1.35522
1.19853
0.941624
0.889651
0.892357
0.815817
0.748884
0.72314
0.726413
0.710501
0.649048
0.769378
0.867652
0.711987
0.680689
0.751862
0.762043
0.758068
0.747977
0.792314
0.782246
0.755758
0.814207
