3.31217
4.05654
18.2788
21.2175
20.3313
20.6812
20.7344
19.3847
21.9683
21.7895
20.2697
19.4479
18.8561
18.1671
18.2287
18.2397
18.4852
18.2239
18.289
18.6573
18.4741
18.5978
18.1211
18.0711
18.112
18.0095
17.9805
17.9973
17.9308
18.2936
17.9126
18.3879
17.9913
18.063
17.94
17.9756
17.963
17.9198
17.907
17.9874
18.0056
17.9295
18.0352
18.6579
18.3423
18.2018
18.2528
18.1593
18.3034
18.0448
18.1189
18.2456
18.1999
18.4504
17.9936
18.3138
18.2047
17.9095
18.1477
18.151
18.1598
18.2358
18.2603
18.247
18.2659
18.2398
18.0885
18.2892
18.1504
18.2338
18.0669
18.2318
18.1204
18.2026
18.2231
18.298
18.131
18.2882
18.1497
18.2806
18.2271
18.145
18.2113
18.1225
18.2601
18.2509
18.4288
18.188
18.0539
18.0863
18.1644
17.9503
17.9444
17.687
18.242
17.8666
17.8953
17.9005
17.9581
17.9116
18.0311
17.925
17.907
17.8262
17.943
17.8665
17.8846
18.0036
17.8832
18.148
