2.88391
2.27601
0.843607
0.734055
0.773108
0.707674
0.716886
0.783447
0.804879
0.76008
0.683582
0.872822
1.07103
0.97538
0.932605
0.980099
0.903714
0.876258
0.933587
0.842028
0.642677
1.263
0.963117
0.59436
0.69639
0.911261
0.635498
0.947288
1.02327
1.05088
1.0776
1.11557
0.991896
0.776766
0.646272
0.538769
0.606756
0.584023
0.643439
0.698677
0.778108
0.897063
1.3751
0.866045
0.846795
0.863214
0.883214
1.01961
1.08773
1.18941
1.40052
1.07769
1.10959
1.16315
1.32398
1.34076
1.55355
1.41669
1.34626
1.33997
1.19404
1.20369
0.968719
0.953769
0.705243
0.612019
0.650266
0.587922
0.449854
0.521909
0.610799
0.63314
0.601543
0.719289
0.641804
0.488684
1.95212
0.657
0.649165
0.703661
0.541877
0.590305
0.602719
0.63326
0.761806
0.969939
1.44245
1.14531
1.15674
0.789967
0.73402
0.836727
1.05828
1.51343
1.26032
1.53672
1.46403
1.25187
1.1095
0.804147
0.597723
0.853596
0.771254
0.65332
0.605438
0.568352
0.54448
0.490418
0.630935
0.699341
