3.88122
5.86546
1.73922
2.03176
1.53966
1.28262
1.13179
1.07541
1.44626
1.39439
1.46034
1.34033
2.37641
1.54626
3.47227
1.26758
1.27237
1.44837
1.3161
1.53343
1.57
1.75321
1.96696
1.29286
1.34607
2.23319
1.10006
1.2721
1.20154
1.3683
1.06847
1.18677
1.28514
1.23544
3.44519
1.26486
0.889011
1.31721
1.16761
1.1681
1.35326
1.39892
1.51146
1.50266
2.40206
1.38333
1.21386
1.7633
1.50804
2.05052
3.2392
2.28292
2.17334
1.71088
1.1539
1.07871
0.896152
1.47787
1.66002
1.44292
0.921326
1.1604
1.09053
1.27756
1.20688
1.19643
2.69622
1.23373
1.34057
1.0376
1.34837
1.3871
1.1891
0.845553
1.38354
1.22413
1.29233
1.24321
2.26847
1.177
2.40668
1.29878
1.06938
1.1777
1.18114
1.28863
1.18734
1.38742
1.25987
1.13167
2.37605
2.68176
1.1627
1.18473
1.26105
1.25662
1.22391
1.1767
1.2273
1.38766
1.37262
1.59725
1.66349
2.77757
1.7625
1.8073
1.64436
1.82552
3.40422
2.07358
