2.67123
4.16314
1.61845
1.22931
1.29381
0.989037
0.725081
0.636122
0.702405
0.740223
0.750183
0.735921
0.929428
1.57236
1.44567
1.43221
1.36623
1.34563
0.906513
0.626923
0.475454
0.821742
0.704132
0.762669
0.800051
0.723073
1.30689
0.987799
0.749332
0.990854
0.975651
0.934514
0.971858
1.00622
0.798451
0.698055
1.26238
0.826163
0.835007
0.734006
0.955455
1.40814
1.07415
1.39159
1.69577
1.60371
1.804
1.67277
1.75502
1.37086
1.24488
1.33738
1.70091
2.02671
1.79244
1.5097
1.55085
1.51915
1.61932
1.54896
1.43193
1.53818
1.93627
1.52381
2.68118
2.69142
1.53417
1.49084
1.57566
1.36765
1.51393
1.54726
1.65806
1.92546
1.45495
1.42851
1.43612
1.4264
0.882792
1.187
1.02428
1.13931
1.13437
1.08808
0.959059
0.97865
1.06052
1.23955
1.1606
2.24621
1.32664
0.905577
0.817112
0.885937
0.935989
0.834472
0.691181
0.774392
0.759341
0.838629
0.979774
1.19746
1.07654
1.02735
1.18455
1.31499
1.24689
0.823433
0.849144
0.841174
