3.40155
4.40191
10.6325
11.021
11.9304
10.6365
10.0932
9.92778
9.31148
9.20706
9.20562
9.1317
8.9894
9.15199
8.98047
9.10905
9.25146
9.34294
9.08953
9.12602
9.06433
9.08271
9.12253
9.26085
9.04383
9.07666
9.12197
9.18092
9.05377
8.92642
9.37491
9.44416
10.7533
9.40099
9.1955
9.48714
9.46233
9.2654
9.28758
9.31882
8.99911
9.45182
9.06251
9.43204
9.19787
9.38123
9.01814
9.36323
9.29099
9.13867
9.17564
9.22078
9.39704
9.17114
9.12264
9.1435
9.37516
9.82487
9.50125
9.95173
9.3226
10.0592
9.57602
9.27446
10.3083
9.33341
9.00248
9.16333
9.28382
8.87437
9.19604
9.12847
9.1263
8.97477
9.06741
9.07478
9.17849
9.13159
9.22575
9.10814
9.16539
9.04668
9.14344
9.07909
9.00893
9.18778
9.07405
9.15188
9.1832
9.06759
9.2717
9.09868
9.15867
9.20852
9.25411
9.08954
9.08093
9.08175
9.18444
8.95993
9.06419
9.10705
9.14072
9.17323
9.10827
8.99723
9.09698
9.17518
9.00591
9.30159
