2.69835
3.22473
1.3992
1.03248
0.828292
0.91671
0.966527
0.999771
1.08443
0.772681
0.736866
0.654135
0.296212
0.357321
0.45024
0.704926
0.732325
0.680625
0.600332
0.411074
0.407717
0.393746
0.408095
0.365841
0.484393
0.562596
0.658726
0.695537
0.594229
0.617147
0.633387
0.700302
0.708488
0.605102
0.646521
0.652154
0.53955
0.383408
0.37316
0.363809
0.591258
0.91623
1.08901
1.61762
1.40255
1.57697
1.5062
1.76198
1.32355
1.49063
1.46781
1.37828
1.33154
2.32363
1.57951
1.39756
1.47757
1.312
1.36898
1.63013
1.48725
1.68749
1.33624
1.38885
1.39545
1.26688
1.18224
1.08892
0.98033
0.921835
0.929841
0.9185
0.873915
1.04281
1.17839
1.03608
0.965392
0.994302
0.800883
0.728414
0.813651
0.785731
0.779748
0.807538
0.990116
0.788867
0.680883
0.583177
0.602527
0.584449
0.613637
0.64892
0.561262
0.638636
0.717361
0.603262
0.589121
0.574533
0.659343
0.711916
0.725085
0.624247
0.6366
0.600714
0.617272
0.602065
0.627313
0.791263
0.82549
1.0099
