3.0158
3.97748
1.40311
1.53386
1.22545
1.2509
1.36285
1.02579
0.833156
0.694185
0.70755
0.660225
0.788063
0.825084
0.71025
0.630252
0.651355
0.688995
0.66988
0.95118
0.884569
1.61619
1.95747
1.19015
1.17368
1.23854
1.90257
2.19489
2.11942
1.82384
2.27577
1.47187
1.26321
1.54125
1.35807
1.27136
1.37314
1.85824
1.50459
1.59353
1.52282
1.92522
1.60903
1.07055
0.848311
0.656654
0.642657
0.577145
0.542651
0.597328
0.540787
0.489117
0.472548
0.549012
0.476587
0.523466
0.590278
0.49322
0.55367
0.525016
0.524871
0.529804
0.481949
0.519677
0.51015
0.488543
0.53297
0.498205
0.470031
0.426861
0.487627
0.500396
0.544599
0.500408
0.468331
0.418295
0.426115
0.428517
0.420918
0.455503
0.435995
0.432046
0.453149
0.453248
0.453731
0.404806
0.367513
0.358063
0.359009
0.398661
0.382776
0.465496
0.516895
0.444642
0.577936
1.16912
0.983011
0.929477
0.955682
0.916697
0.634893
0.695187
0.542948
0.515674
0.437421
0.364314
0.415149
0.477067
0.963584
0.810492
