1.71152
2.6335
0.898986
0.964631
1.67525
0.890218
0.741826
1.08256
1.6052
1.83146
1.80095
1.72476
1.34042
0.895073
0.743586
0.624678
0.627521
0.693049
0.59465
0.873222
1.02762
1.02095
0.967778
1.0153
1.05494
1.39778
1.45288
1.4699
1.32352
1.42162
1.26671
1.22966
1.3329
1.38388
1.79264
1.46846
1.44093
1.30219
1.43874
1.24198
1.23812
1.4903
1.18905
1.14609
1.14345
1.06611
1.0804
1.06613
1.08198
1.46263
1.45827
1.43565
1.95744
0.874216
0.673538
0.886246
0.771846
0.597159
0.649117
0.638631
0.602393
0.584015
0.609815
0.561733
0.583475
0.562567
0.578063
0.559558
0.582702
0.577539
0.552806
0.587098
0.549253
0.584386
0.585339
0.581995
0.626597
0.80224
0.836828
1.12292
1.19356
1.1549
1.19319
1.26937
1.80721
1.43863
1.56774
1.82584
1.52989
1.39523
1.4601
1.12584
0.669195
0.630152
0.625331
0.625545
0.585272
0.632069
0.671404
0.669398
0.740035
0.810216
0.837556
0.893165
0.817945
0.693799
1.21018
0.738171
0.767222
1.25121
