3.65197
4.365
1.94079
2.59983
2.37274
2.39013
2.65876
3.07987
2.86125
2.48689
2.42118
2.99932
1.8461
2.72896
3.10124
2.50298
1.99613
2.21587
2.23181
2.1531
2.41342
2.58821
2.42503
2.2899
2.29404
1.98582
2.2888
2.08108
1.87648
2.15668
2.01257
2.13728
2.19305
2.17568
2.10928
2.00124
2.00621
2.09917
2.05154
2.23073
2.03717
1.96631
2.03407
2.07167
2.03598
2.04667
2.08336
2.04459
2.11177
2.02687
2.21977
2.04481
2.1459
2.08341
1.96776
2.29224
2.10127
2.12839
1.87266
2.14961
2.08823
2.05668
2.02971
2.12114
2.11721
2.04715
2.08888
2.12158
2.02521
2.06514
1.99882
2.05286
2.06459
2.16778
1.98524
2.07002
2.04019
2.11624
1.9785
2.12333
2.16463
1.95227
2.15907
1.98049
2.07019
2.14158
2.04558
2.05465
2.06871
2.10812
2.01658
2.00264
2.15877
1.9276
2.05061
2.11003
2.20658
2.09191
2.01826
2.05991
2.07412
2.07473
2.12535
1.95501
1.97435
2.13446
1.93197
3.42345
2.94506
2.08029
