3.0644
4.06874
5.55494
6.39344
5.63961
6.24557
6.5983
5.68173
5.66613
5.25486
5.58318
5.07563
4.91515
4.98453
5.00072
4.74769
4.80975
4.65033
4.72213
4.73957
4.65784
4.63365
4.85661
4.57819
4.89358
4.61459
4.89246
4.62079
4.68251
4.71561
4.74801
4.70009
4.71145
4.72948
4.82229
4.63023
4.69654
4.85694
4.57308
4.70198
4.63155
4.56628
4.72092
4.75398
4.76224
4.68566
4.7998
4.75597
4.64503
4.67778
4.7395
4.71184
4.71344
4.77433
4.78785
4.71632
4.60236
4.69553
5.26448
5.44023
5.37484
5.4918
4.74912
4.96534
5.02646
4.74177
4.72486
4.79638
4.77199
4.91172
4.71488
4.6585
4.80486
4.78266
4.83228
4.68475
4.72281
4.74181
4.7068
5.04489
4.64427
4.77369
4.78725
4.78319
4.80912
4.70431
4.81503
4.71671
4.76738
4.73507
4.79451
4.76346
4.72548
4.73667
4.86814
4.74884
4.77449
4.76166
4.69639
4.70938
4.81169
4.76851
4.7725
4.91264
4.72165
4.78758
4.73101
4.78875
4.87727
4.6384
