5.36271
5.25103
53.9042
46.2194
45.9995
45.1364
46.4737
46.7284
45.3936
45.1935
44.6005
44.9886
44.3018
44.562
44.5065
44.7777
44.6846
44.9614
44.851
44.848
44.6492
44.9418
44.8037
44.5944
45.033
44.9801
44.5262
44.939
44.7959
44.6825
44.8368
44.8605
44.6965
44.9452
44.8287
44.4856
44.8897
44.4639
44.592
44.3844
44.3351
44.5461
44.3083
44.3248
44.3249
44.6196
44.3753
44.302
44.5531
44.1159
44.4741
44.6894
44.3264
44.3806
44.5125
44.3131
44.2101
44.5702
44.2406
44.4092
44.6808
44.4736
44.3743
44.555
44.5885
44.7153
44.6033
44.4511
44.2387
44.6002
44.4225
44.2599
44.726
44.3743
44.41
44.3511
44.2913
44.4151
44.5249
44.3273
44.2322
44.4605
44.5602
44.3992
44.4854
44.6721
44.4992
44.2717
44.3657
44.3489
44.5629
44.576
44.2511
44.5433
44.1753
44.3821
44.5509
44.3463
44.2981
44.5747
44.4355
44.4306
44.5582
44.3223
44.1812
44.7315
44.3848
44.3228
44.4779
44.3491
