#2.15233
#5.97437
#4.85387
#3.92479
#2.37158
#2.59813
#2.40567
#2.075
#2.06817
#1.85088
1.92233
1.66487
1.56317
1.493
1.54017
1.53171
1.58083
1.45538
1.48042
1.48304
1.48683
1.46933
1.82788
1.95983
1.52754
1.47717
1.50683
1.52667
1.49746
1.46688
1.52154
1.58567
1.55754
1.99279
2.018
1.99617
2.02604
1.94483
1.52446
1.56325
1.50692
1.54575
1.98112
2.01967
1.882
2.0245
2.0455
1.92158
1.95121
1.85333
1.64517
2.401
2.40542
2.37792
2.01408
1.96579
2.08012
1.94904
2.23692
2.60683
2.56175
2.52833
2.47033
4.32988
3.18921
2.50654
2.55117
2.51875
2.59525
2.26254
2.1705
2.60408
2.49817
2.48496
2.44579
2.54904
2.62946
2.65946
3.02479
2.86917
2.5325
2.42675
2.5165
2.54446
2.86608
2.99692
3.07129
2.37688
2.44525
2.67229
2.82442
3.02329
2.80275
2.97296
2.53879
2.45142
3.63875
3.00842
3.03158
2.84088
2.77496
3.53613
4.38629
3.41067
9.69146
18.6397
3.45858
2.85896
2.54287
