#1.75337
#8.83113
#7.66271
#3.61687
#4.20542
#3.21146
#3.11837
#2.96675
#2.39983
#3.19237
2.28208
2.34587
2.41113
2.34633
2.86983
3.056
2.37004
2.31771
2.32892
2.41758
2.46267
3.04525
3.03429
3.02642
3.0375
2.35108
2.64696
3.32308
3.18254
2.99846
3.03713
3.23058
4.0095
3.98029
3.80279
3.21062
3.591
4.09883
3.84817
3.82975
3.87421
4.80254
4.33379
3.76304
4.156
4.547
4.679
4.4225
4.45521
4.80529
4.45729
3.94967
4.76179
4.47171
4.52963
5.06221
4.92625
4.81325
4.56283
4.56517
4.97967
4.87462
4.10229
4.73667
4.54604
4.63179
4.11213
4.93642
4.602
4.61067
5.14233
4.16604
4.80175
4.29908
4.42633
5.08808
4.746
4.22438
4.64533
6.66958
1.77279
6.14462
4.14854
4.13071
3.99604
4.96954
4.72225
4.68129
4.203
4.88092
4.40742
4.72821
4.87488
4.71587
4.87933
5.30679
4.62204
4.58387
4.85542
5.75075
4.54429
4.71679
4.65063
4.52892
4.59771
4.73592
4.58062
4.89417
5.44004
