#2.371
#4.66825
#3.04508
#1.81192
#1.89987
#2.00367
#1.93292
#1.62187
#1.49117
#1.45713
1.51292
1.52908
1.28396
1.15308
1.16088
1.109
1.07163
1.58683
1.14013
1.15042
1.12679
1.21029
1.11671
1.18604
1.13662
1.17296
1.25542
1.51092
1.46663
1.23192
1.17167
1.16629
1.15613
1.14
1.14442
1.15283
1.14692
1.17679
1.14558
1.13867
1.42525
1.50583
1.52579
1.48762
1.50833
1.51621
1.50504
1.12946
1.1565
1.1355
1.17567
1.12179
1.22212
1.511
1.48729
1.49283
1.52854
1.51325
1.47862
1.51717
1.50296
1.50054
1.51763
1.39104
1.85654
1.83742
1.92712
1.87821
1.48008
1.42912
1.53121
1.44788
1.53504
1.64712
1.628
1.84904
1.89179
1.91817
1.84204
1.94558
1.76058
1.51767
1.47996
1.76733
1.93775
1.97804
1.78787
1.92771
1.85446
1.89863
1.901
1.85454
2.11633
2.26788
2.27471
1.91533
1.89054
1.87013
1.87179
1.95221
2.03817
2.27783
2.28388
2.26412
2.21321
1.96808
1.90383
1.87921
2.08688
