#1.23887
#7.61092
#5.79646
#6.78121
#5.91346
#4.16225
#3.41504
#3.22642
#2.77733
#2.468
2.49304
2.07938
1.99754
1.86904
1.91925
1.98821
1.88108
1.86758
1.86629
2.01633
2.23471
2.06908
1.851
1.908
1.97721
1.89554
1.89967
1.98379
2.24192
2.44862
2.48833
2.46058
2.24558
1.98133
1.92567
1.92188
2.46175
2.41871
2.64308
2.48346
2.54913
2.58575
2.54563
3.15963
3.12383
2.93308
2.60179
2.41517
2.73067
3.193
2.95971
3.22283
2.97004
2.83592
3.55683
3.42479
3.13946
2.96362
3.54062
3.39237
3.68125
3.25746
3.15408
3.24421
3.60046
3.66867
3.76554
4.31758
4.12296
4.69608
3.72267
3.77888
4.41346
5.39838
4.02725
3.77
4.88671
4.75008
4.28833
4.07675
4.97012
4.83171
5.07533
4.89992
4.96621
4.9345
5.07696
5.11808
4.96879
4.31733
4.92704
4.20983
3.47046
3.806
4.9
4.43508
3.795
3.96529
5.07108
3.64087
3.63825
3.91987
4.80208
3.91579
3.75158
3.643
4.57587
3.67746
3.48971
