0.890875
22.8812
15.6149
12.7367
5.50942
5.29325
4.95508
5.24108
5.18229
4.89396
5.04354
5.21396
5.19571
5.17513
5.68421
4.84579
4.93858
5.32133
5.42112
5.10033
5.45988
5.60475
5.39225
5.15258
5.52883
5.31158
5.16933
5.58342
5.20371
5.57408
5.35904
5.21263
6.30767
5.51837
5.42421
6.18117
6.01417
5.24804
6.46
6.38908
5.67771
6.36313
6.6865
6.95458
6.75742
6.83962
7.77229
6.43562
7.5825
7.398
7.40054
8.16725
9.15117
7.58779
9.86375
7.76754
10.1125
8.74012
10.0883
10.4646
10.52
11.4044
11.8402
11.3639
13.0595
11.756
15.4472
16.6161
17.5386
17.1483
16.1567
18.1101
19.7654
18.202
24.9839
17.9374
18.6123
18.4498
16.5585
16.8324
15.7716
14.6324
15.2208
13.34
12.7011
15.2695
12.7818
13.2382
12.7168
13.6295
13.2714
12.4877
11.888
11.7212
13.2082
12.3392
13.172
13.0375
13.3052
13.3146
13.1768
12.1047
13.5791
13.5434
13.669
11.9521
12.5733
13.0963
12.9512
11.8925
10.853
11.8067
12.0071
12.8921
12.3106
12.2821
12.47
12.8986
13.1843
12.5872
13.4295
13.1608
13.3183
12.9988
13.0105
11.8757
12.4362
12.0746
13.1252
13.0179
12.526
13.953
13.8506
14.285
13.3036
12.2432
13.3026
13.9445
13.6014
13.262
11.73
12.5823
12.6608
13.0506
10.8011
11.3982
12.428
10.9181
13.6608
13.1404
13.0643
12.7114
12.3074
12.6272
13.0583
11.6798
12.4217
12.2036
12.1252
11.5464
11.8429
12.8113
11.7189
11.8073
12.4542
13.0682
12.5397
13.3035
11.7662
12.9033
12.3317
12.5485
12.2799
13.1822
11.8625
11.6523
11.605
12.6963
11.2404
11.8667
13.8984
10.7894
12.4088
12.4339
13.0491
12.175
11.9772
13.1759
13.7559
12.9905
13.1123
11.0682
13.3558
10.7117
11.5574
12.0027
12.7265
13.0853
11.149
12.1689
12.5984
13.1721
13.3593
11.2658
13.0087
12.351
11.7911
12.0553
12.8343
11.4688
19.912
5.29029
12.5343
13.1123
12.859
13.9985
16.746
11.0676
12.6368
12.4985
12.3871
12.26
13.2261
11.8665
12.4122
12.8278
13.3237
9.96504
12.4358
12.4431
13.0885
11.2804
14.2632
12.3366
12.2816
11.9204
12.7459
11.7457
13.1477
12.6994
13.8376
13.4981
9.18279
11.8401
14.8815
9.37387
11.1361
12.4168
13.2148
15.243
11.9248
14.8484
12.0861
12.2499
14.1116
11.177
12.8915
12.1634
11.6865
11.5016
11.8533
11.3969
11.857
12.7627
12.0649
12.5509
13.2044
12.9209
13.2428
11.7435
12.0737
12.9789
13.124
11.985
13.7175
10.0536
12.5287
18.1241
5.17
12.6103
11.812
12.4304
13.2656
13.9655
12.3827
12.2272
14.4799
9.74254
13.3782
14.3742
10.9041
10.7169
12.3256
11.5225
11.8509
12.5303
11.7322
11.5789
13.3396
13.8492
11.7685
14.1783
13.493
12.8705
13.1641
12.6615
13.2663
12.2589
13.3335
13.5907
9.13008
11.7601
13.1622
11.0259
12.5734
14.7571
16.0473
12.3275
17.0228
7.75796
12.4862
12.6105
12.1817
13.0738
13.7115
16.9428
8.63346
12.629
13.1262
12.7462
14.1485
14.9236
14.1304
15.716
13.288
12.5845
13.4573
14.4995
10.2987
13.0935
11.9835
12.3354
11.1192
10.3173
11.923
12.6628
13.115
13.1425
13.1868
12.814
13.469
13.0252
12.5089
12.4603
12.2416
12.4557
13.8713
10.1082
11.8671
12.9795
12.6236
10.944
13.1241
15.5801
12.8391
15.1755
12.9525
12.0248
13.152
16.6202
9.76692
12.5346
12.5221
14.5041
9.47329
12.4528
12.1709
12.0435
16.0156
8.07579
12.4531
11.9245
11.5914
13.7941
10.8429
11.605
14.1706
12.1222
12.9223
12.519
13.8595
12.8587
12.6918
13.505
11.7133
16.9658
10.2664
11.3338
10.0669
11.8048
11.7889
12.7822
11.9866
12.9967
15.1443
14.5194
12.7409
12.8859
13.163
14.0946
12.5595
12.9675
13.1007
12.028
12.2914
11.8262
12.6515
10.8148
12.9701
11.8963
12.3388
15.3228
12.6931
14.5845
13.7488
10.3335
13.8941
11.8876
12.5512
12.0073
13.9705
10.9995
11.5262
11.6908
12.5279
11.7906
11.9573
13.6824
14.9238
14.938
18.3733
8.95333
15.4122
13.276
15.8935
9.30742
12.4474
11.5225
13.7384
10.1858
11.9369
15.761
9.00275
15.1973
14.9534
14.9258
12.9905
13.2067
15.1618
13.1128
12.6517
13.2276
13.5847
11.1219
11.9323
10.722
13.5274
13.1702
13.6068
14.7857
14.6753
13.1257
13.1331
11.7026
14.748
10.5663
13.2527
12.2792
11.6606
11.1779
13.1613
11.3442
12.2617
12.5343
12.67
14.859
14.5141
13.5218
16.6079
9.38175
13.2619
14.9266
12.7529
12.7922
12.3325
12.4518
10.8819
11.8863
11.9217
45.1264
