1.17592
25.035
13.8124
6.5135
5.79304
5.29575
6.77062
5.25329
5.90817
5.21792
5.98983
6.18504
5.49912
5.40646
5.87404
5.35512
6.14062
6.42946
5.43658
5.47242
5.57442
5.36875
5.51954
6.66683
5.86817
6.11233
5.84788
6.19133
5.73246
5.99812
6.72562
6.29596
5.63046
6.41817
6.43258
5.83137
7.05196
6.95212
6.94721
6.25842
7.18054
7.35775
7.312
8.12613
6.31588
8.14162
8.51092
8.71837
7.73354
9.90804
9.24454
9.80762
9.34862
10.281
10.6395
10.8987
11.2477
12.817
11.7823
12.2644
13.2553
16.2153
16.6372
18.13
23.8454
17.5852
18.515
18.8616
20.9981
27.198
21.9336
26.2267
19.5916
18.0295
18.2725
18.9246
15.209
16.5765
15.791
16.9448
16.7864
15.9767
16.8743
14.6569
16.254
15.0943
13.0008
12.8079
13.0022
13.3692
12.7432
14.5594
13.637
13.245
14.8059
15.2001
12.5589
13.5055
14.0855
13.6876
13.3374
14.267
14.4155
11.655
12.1588
13.344
11.9252
11.9599
13.0314
15.832
13.874
12.4502
13.1565
13.6062
13.4329
15.5946
14.8598
12.3777
12.0817
12.9019
12.4932
11.2319
12.3655
13.0761
12.1338
12.4416
11.3004
12.8155
11.6173
12.6609
12.8258
12.7221
12.971
13.0047
13.2596
13.3927
13.2113
13.2211
12.636
13.3354
13.4252
12.9468
10.4979
12.4199
12.528
12.2875
11.4346
13.3111
11.7728
15.9471
13.7047
12.1431
13.0454
12.9763
12.1195
13.1456
13.2395
12.4131
14.1283
9.00537
11.7732
12.7828
12.2419
13.0267
13.0767
14.5111
12.6657
12.2512
13.308
12.9513
13.2032
12.5274
11.9069
13.0607
13.7875
13.1093
16.1583
6.66183
13.4457
12.8881
15.4623
14.6148
14.3177
15.0428
15.7127
9.75462
13.2723
13.3003
12.4893
14.807
10.7314
10.5143
12.5137
12.8624
11.8541
12.8117
12.7947
12.9553
13.2322
11.2506
11.813
13.5561
12.7698
12.0017
13.4027
13.654
14.1158
14.9942
18.2549
11.6906
13.3562
13.781
14.9854
11.4381
12.454
12.1668
14.7579
10.2226
11.0519
15.4586
13.0273
12.9679
12.5808
13.0145
13.863
11.1266
13.2267
12.8645
11.9649
12.6385
11.6468
12.3139
14.499
10.5704
11.5158
11.664
13.0053
15.268
15.3052
14.8788
18.092
9.91792
13.5508
14.1143
12.001
14.2982
10.3972
11.7169
13.683
11.5641
12.0744
13.2996
15.5148
14.9946
15.9255
11.9394
14.3049
11.6427
13.3589
13.0038
12.0471
12.4315
12.5247
11.6902
12.2507
11.7127
12.4035
13.2524
12.1948
13.1283
12.1153
11.7458
11.7007
11.8742
12.7387
13.8417
14.1325
15.3017
13.2626
13.8617
14.4455
14.9797
16.0825
10.3116
13.77
14.816
9.84588
12.3153
12.5836
13.0252
12.4364
14.5783
14.7135
16.414
15.7584
14.3775
11.796
13.4942
13.9271
11.6928
13.3279
12.3803
14.4348
9.83879
12.8809
12.8597
11.8465
12.2016
12.9063
11.8661
11.091
14.4747
9.70454
12.5036
13.5068
13.9752
12.8593
14.3643
15.3937
14.3353
12.9306
13.4317
13.507
13.0438
11.361
14.21
10.2782
11.4822
12.5277
12.8058
13.0385
15.5128
14.872
14.5431
14.3876
12.9485
12.6047
17.3411
13.361
10.878
12.358
13.0773
12.537
11.595
12.8028
12.9669
15.222
14.8317
14.735
14.8899
14.173
13.2657
13.5549
12.5462
13.6091
12.5087
12.4631
12.4723
12.3569
11.7669
11.9699
16.9583
12.0898
14.7133
15.6587
15.9479
14.4676
14.7738
13.6583
12.1844
13.6858
12.9442
13.2601
11.6957
12.8957
11.6145
15.892
12.344
13.839
14.4917
14.8325
15.3607
12.8397
13.0568
13.714
12
12.2652
11.7665
12.9043
11.9718
11.8057
14.1688
12.3343
16.2948
13.1865
16.3699
12.5655
12.9494
13.4391
13.2966
13.2045
11.6635
12.4857
14.017
13.9102
8.52542
12.3657
13.4806
15.1709
15.0487
14.494
18.5497
9.58067
12.6641
13.1986
13.462
12.2192
12.7073
13.2443
11.6867
13.7675
10.3745
13.0096
14.898
15.3685
15.4117
16.0562
11.9343
12.9818
15.2861
13.0277
14.1675
11.4365
13.3065
11.9612
19.8934
3.85854
13.0414
12.8292
15.9524
14.7952
15.1541
14.9269
14.5522
13.2115
12.6813
14.9395
13.4285
13.3598
11.97
12.3617
11.8308
12.3096
13.7876
12.2043
12.6974
11.8115
14.6297
10.574
11.0123
12.2375
13.2885
14.7222
15.3826
15.0051
15.1366
13.9301
11.0045
15.4676
15.5983
13.4701
11.1461
11.9076
13.533
11.7775
14.7442
13.134
13.3335
13.1241
13.3979
12.7135
12.4428
12.8762
13.1719
11.6988
16.0317
14.8799
14.9074
12.984
15.0261
13.1285
12.6233
13.178
12.8648
12.7045
11.7048
12.8177
12.5702
12.6935
45.7342
