0.919292
8.50058
23.6065
15.0362
5.14258
5.28533
5.64354
5.22429
5.04542
5.47213
4.85625
5.01775
5.08542
5.22246
5.03046
4.975
5.48579
5.38796
4.91392
5.72808
4.89538
4.95821
5.29646
5.38383
4.91771
5.30442
5.40238
5.33417
5.25129
5.33796
5.19538
5.36246
5.88642
5.75858
5.92842
5.86538
5.32867
6.51117
6.04525
5.66604
6.81792
5.80542
6.05792
7.12296
6.19667
7.09521
6.40104
7.44154
7.17108
6.72821
8.04587
7.12042
8.15387
7.58454
8.20917
8.00725
9.90875
7.64846
11.2957
8.25583
10.2404
9.95854
11.0844
11.6788
12.4611
11.1962
12.6456
13.1676
14.4478
17.1195
17.3134
17.3184
17.1878
17.3641
16.5779
19.9542
15.5529
27.4444
19.2482
18.7618
17.488
22.1981
16.1641
13.7477
13.4138
11.912
12.7037
12.3552
13.2019
13.1859
12.8382
13.1704
13.2031
13.3379
13.0062
11.7511
13.0069
13.2219
12.0261
12.288
11.7939
12.7842
11.5805
10.8765
11.857
12.6582
11.7394
12.753
13.2272
12.41
13.2889
11.5685
13.02
13.0675
12.2778
12.2555
12.2373
12.0417
11.5507
11.9155
12.052
11.7028
11.4581
12.9066
12.5915
11.2594
11.9766
12.578
11.876
10.7523
12.8275
13.3191
12.0057
13.689
12.9463
13.9231
13.1359
11.3502
13.1232
12.2853
12.8542
14.5863
8.84492
12.7184
12.2391
10.7283
12.0039
12.463
11.2697
13.4493
13.909
14.2903
13.0692
12.6294
13.2566
13.1257
13.9187
12.049
10.6375
12.3017
12.6766
10.9189
12.1745
14.3133
11.4488
11.2857
13.7201
14.1263
12.6562
14.8759
12.8662
13.4218
12.1998
13.2734
11.7378
11.0899
12.5758
12.6297
11.1298
11.2294
13.2257
15.0564
13.0245
13.8825
12.2793
13.333
12.9601
13.3487
12.3748
12.8545
12.7263
11.9829
10.7396
13.5351
10.5766
11.6965
12.7215
13.8901
11.5466
13.4239
13.0123
13.8355
12.3697
12.6845
12.74
13.0595
12.5855
11.2915
11.342
13.464
10.684
11.5266
12.906
12.8952
13.3765
12.6105
13.2703
15.3129
10.2002
11.727
13.2799
13.231
13.5382
11.8857
12.3567
12.828
12.5642
11.1968
12.6743
13.0881
12.5565
10.9977
12.1029
12.4965
12.1477
11.4675
14.1721
13.6814
16.019
13.9902
16.3643
13.4165
13.1765
12.1115
13.2462
11.5675
12.8681
13.5623
13.1484
13.323
11.8629
11.666
17.0726
10.8234
16.7035
10.0121
15.2572
13.2506
13.1692
13.1719
13.3185
12.5386
12.8585
12.8396
12.5752
10.4993
13.1999
14.0358
13.5209
13.9468
13.4856
14.0806
16.1706
12.0128
13.1985
13.3807
11.4442
14.2675
14.4376
10.492
14.4456
10.154
13.1536
13.3316
12.1206
14.0502
13.4573
15.9868
13.2383
12.1633
12.0536
14.0124
12.7786
16.2314
8.5545
12.4717
14.0764
10.2582
12.6433
13.41
14.6192
15.1698
13.2101
13.066
12.9177
13.3839
12.7831
13.2345
12.8427
14.2343
14.4142
12.6714
6.72312
12.789
12.4654
14.4
14.7945
13.5199
16.1449
15.6793
10.4629
13.065
13.7692
11.3199
12.2782
11.1227
11.5405
12.0149
11.9473
11.9704
12.9516
12.8815
15.4845
17.4551
10.5647
17.7742
11.9565
13.4855
13.3004
12.8625
22.6251
2.06329
13.1149
14.4332
10.0033
12.2172
14.9313
16.7251
11.9588
14.5008
14.6765
13.1615
13.7399
22.093
3.69579
12.3138
12.6549
13.4707
11.858
11.9912
11.7524
12.9755
11.9909
14.2343
15.3073
10.9919
15.6504
13.8911
13.9754
12.6274
12.5016
12.5242
11.5863
12.2267
12.102
13.92
9.73133
11.9875
13.2024
12.4397
14.9462
13.7993
12.5479
14.2581
13.2622
12.2636
12.3725
13.5095
10.9777
12.6665
11.487
15.7171
8.19963
12.412
12.8457
13.1345
14.6267
12.6737
15.2934
15.2521
9.78583
12.9997
12.9603
11.9757
12.4484
12.559
11.3325
11.648
12.3047
13.2234
11.206
11.889
14.992
15.7102
14.921
14.1893
11.4088
12.6796
14.1925
12.8472
12.5274
12.428
11.8949
12.2852
11.3073
12.0054
13.1298
14.1715
15.491
13.4872
11.5353
13.5104
12.792
15.3301
13.3397
13.9806
12.5118
13.6786
11.58
11.7332
11.6118
12.7497
13.7655
14.8755
13.1616
13.82
14.6587
12.5893
12.5206
13.4767
13.1064
12.9481
13.8204
11.6451
11.9445
11.7974
12.1924
11.6599
16.5695
11.6255
13.272
13.9225
14.1622
13.4007
12.9578
13.2762
15.0688
10.0493
12.4527
13.1009
13.3122
9.20308
11.9268
11.6759
13.4718
12.2848
16.2458
13.7859
12.5247
16.8193
9.45563
13.3193
13.3474
12.6855
12.2388
12.4151
12.5613
14.2597
8.03604
13.3773
12.1617
13.7872
12.9281
13.2868
14.642
19.8789
6.11512
13.4801
16.6878
39.1258
