272.145
270.868
265.163
263.756
265.516
264.269
265.597
264.104
262.892
263.91
264.047
268.892
263.607
267.4
264.447
261.52
263.239
263.754
264.565
264.076
265.337
265.284
262.966
263.606
263.874
263.106
264.46
262.093
264.257
264.984
262.637
264.463
262.66
263.762
262.655
263.425
263.742
263.154
261.793
264.213
262.339
263.658
263.928
263.049
264.948
262.256
263.671
264.64
262.2
264.04
265.29
304.936
333.423
263.745
263.408
264.308
264.664
263.714
263.481
265.522
262.485
264.055
265.425
262.749
263.92
264.244
263.648
265.517
264.333
267.372
262.676
264.508
264.43
265.356
265.179
263.175
263.362
264.338
262.813
263.902
264.609
263.414
264.779
263.141
264.025
261.949
263.983
263.273
264.707
264.462
262.757
263.626
263.439
264.181
263.779
263.028
263.601
263.48
264.202
265.618
264.369
263.781
264.2
262.184
264.23
263.7
263.137
263.276
262.163
263.874
264.526
263.986
263.504
263.965
263.622
265.271
265.1
263.841
263.157
262.814
262.975
263.642
264.933
263.394
266.475
261.849
267.619
265.093
262.755
263.451
277.901
302.805
264.725
264.823
286.123
266.742
275.94
277.007
343.622
265.343
265.471
263.09
263.93
265.046
262.901
265.072
263.217
265.423
263.938
265.896
263.628
263.246
265.3
263.947
263.718
264.588
266.884
279.149
263.914
266.215
262.299
263.083
263.126
265.512
262.863
264.27
263.254
264.936
262.975
264.419
264.428
264.652
264.499
264.511
264.311
262.304
263.654
262.48
263.581
264.984
265.711
264.46
267.569
263.817
263.803
263.804
267.033
264.213
263.897
262.923
264.612
263.6
264.25
263.961
266.683
266.957
264.288
263.736
264.435
263.257
263.687
262.454
264.682
266.827
265.851
265.773
265.029
266.673
265.505
284.586
299.61
266.474
270.221
275.717
291.696
267.596
265.193
264.787
265.829
266.135
267.039
263.222
264.654
265.242
265.59
266.094
266.926
267.334
265.078
264.933
266.308
267.069
265.989
265.347
265.117
267.101
273.746
269.879
268.581
263.297
264.289
264.247
263.348
263.649
262.883
264.233
267.114
264.873
264.987
264.136
263.238
264.327
265.173
263.458
264.915
263.324
264.153
263.559
264.564
265.165
263.503
263.054
264.506
262.387
263.261
265.083
263.231
263.868
262.972
265.088
263.82
264.137
262.404
263.727
262.094
262.031
265.943
265.772
265.669
265.957
266.552
265.858
265.579
266.374
266.016
266.445
264.662
266.36
299.026
285.404
274.564
265.355
267.168
268.558
264.92
318.032
323.188
267.014
266.456
291.669
266.558
266.197
265.384
265.358
265.464
266.383
269.214
266.972
265.775
269.545
265.045
266.416
264.309
266.705
266.332
265.974
266.223
264.623
265.397
263.808
263.793
263.056
263.561
264.962
263.246
265.736
264.235
262.845
264.644
264.377
263.418
264.066
265.558
263.062
265.389
264.071
265.036
264.355
263.747
263.135
263.986
264.934
263.472
265.159
264.548
263.137
262.89
263.257
265.045
265.179
263.924
267.007
265.698
266.618
263.541
264.775
264.063
265.561
265.21
272.145
267.482
267.32
266.388
264.52
266.273
264.957
264.66
264.392
282.414
305.075
316.852
275.891
263.995
264.016
265.796
263.938
263.146
275.038
264.898
263.127
264.1
264.581
262.428
265.845
263.637
263.593
262.938
263.464
264.169
264.17
263.674
263.339
262.195
263.242
262.843
264.481
263.247
263.275
262.866
265.242
264.4
264.101
263.539
264.621
262.449
266.985
263.956
267.694
264.78
277.87
262.396
264.906
264.896
264.512
262.855
264.007
264.298
263.915
262.178
265.26
263.774
264.585
265.022
262.644
263.246
264.076
263.44
265.4
266.589
266.687
264.445
265.766
266.673
268.53
267.506
266.936
267.239
265.224
264.906
265.377
266.529
267.065
266.191
266.22
266.499
289.17
315.203
266.04
266.746
266.66
267.094
267.635
283.173
295.828
266.495
265.732
266.841
266.341
266.86
266.282
268.409
268.404
266.951
270.497
270.077
266.625
267.68
265.176
266.01
268.11
268.097
266.248
267.173
267.829
266.707
266.434
266.847
266.225
267.937
267.044
266.319
268.312
263.877
263.188
264.144
262.753
264.112
262.523
264.752
263.685
263.999
264.568
264.484
263.981
264.222
264.313
265.036
265.594
263.497
317.005
