267.966
265.046
281.929
261.733
258.159
259.026
260.168
258.171
261.095
259.353
260.032
259.25
261.832
262.706
262.731
263.399
264.26
260.989
261.899
261.473
261.149
262.409
262.392
262.312
262.107
262.596
261.624
260.913
264.8
262.11
263.546
262.552
260.504
261.43
262.399
263.18
263.149
261.036
262.445
261.274
262.099
262.764
264.104
262.752
262.666
260.602
262.185
263.356
263.2
260.346
261.161
263.836
263.479
260.602
262.435
261.829
261.995
262.673
262.822
263.904
261.793
261.54
261.35
261.663
261.234
263.538
263.332
263.243
260.34
259.377
273.43
328.457
274.547
298.461
265.358
259.003
258.631
260.452
259.356
258.887
259.715
260.527
260.126
258.431
257.323
262.111
261.668
260.106
259.353
261.396
257.872
259.171
260.945
259.744
257.982
263.442
270.147
260.5
259.437
261.762
258.412
260.465
260.623
260.079
260.187
260.004
261.446
261.762
259.923
257.406
259.639
260.427
259.264
260.04
259.269
259.307
260.874
258.522
259.411
257.868
260.533
257.317
258.229
258.813
258.375
258.396
259.258
259.396
278.043
259.839
261.396
257.988
259.73
260.024
260.594
258.668
259.217
259.211
259.611
258.116
258.921
261.077
262.511
259.116
266.335
281.467
258.386
259.455
286.096
294.807
261.348
258.811
276.555
276.94
303.773
260.566
260.867
258.394
260.788
260.152
258.675
259.881
257.397
258.593
260.417
261.391
260.235
260.208
260.911
259.061
261.25
259.915
260.898
259.112
261.928
260.499
293.776
258.902
301.698
261.572
262.347
260.231
261.034
262.252
260.489
260.113
260.933
261.691
260.043
261.116
259.799
261.088
262.082
260.537
259.227
261.57
260.494
258.897
260.028
262.414
258.872
261.897
258.507
258.874
259.783
257.809
259.751
258.293
260.509
261.363
259.591
260.095
258.996
258.954
259.72
257.946
260.548
259.954
260.923
258.3
260.597
259.284
260.573
258.274
259.421
259.136
259.457
258.655
279.471
286.379
260.033
259.998
303.737
288.142
258.948
259.316
259.196
258.642
258.262
258.584
259.926
262.535
261.68
262.766
262.258
263.881
261.888
264.315
263.168
263.392
261.469
261.721
262.22
262.742
262.738
260.921
262.617
261.956
267.102
262.736
262.916
263.163
264.557
263.456
260.309
289.442
261.73
262.336
263.488
259.313
264.75
262.264
264.345
265.04
260.919
261.118
262.285
264.682
263.517
262.421
263.258
262.69
261.044
263.135
262.644
262.54
262.379
263.045
262.15
261.874
262.936
260.337
262.567
261.916
263.495
261.35
262.408
262.68
262.642
262.864
263.484
263.959
262.327
263.81
260.509
258.81
258.995
259.987
366.227
262.503
260.774
260.747
258.934
262.435
259.987
261.331
258.651
260.397
260.46
258.742
258.918
259.052
260.917
323.288
302.154
261.374
261.481
258.873
260.576
260.994
262.245
258.537
260.65
260.928
259.821
259.285
258.924
258.8
260.598
257.346
258.144
257.018
258.606
258.926
259.161
258.364
259.113
258.098
260.52
259.099
260.49
259.557
260.035
257.285
259.523
258.923
258.998
258.644
258.444
259.943
258.214
257.401
260.568
258.524
260.956
260.962
261.457
259.317
258.048
260.459
260.97
259.367
260.987
257.914
259.008
260.042
260.438
258.972
259.622
260.077
259.322
258.543
259.233
259.242
260.056
259.268
258.678
260.813
260.527
258.882
273.378
291.004
258.821
259.341
260.299
260.629
258.59
259.885
259.676
260.526
259.097
258.96
259.723
259.67
258.267
260.448
258.373
258.814
257.764
260.166
280.882
257.1
259.369
260.13
259.871
258.23
259.717
257.408
258.608
259.501
259.541
260.147
260.03
257.452
259.67
258.741
259.396
257.446
261.783
261.356
259.202
259.927
258.663
257.859
259.033
257.723
258.677
258.249
260.04
258.759
258.614
259.011
259.59
258.541
258.946
258.141
259.876
258.782
257.845
260.085
258.754
259.704
258.827
259.294
260.522
258.794
260.73
260.287
257.706
257.237
259.928
258.416
260.072
259.765
258.63
259.784
259.998
258.489
257.424
297.089
267.13
259.601
259.786
257.917
260.284
259.555
259.99
260.391
259.561
260.062
260.371
261.14
259.757
258.519
260.496
263.539
261.804
262.484
258.979
259.898
260.941
258.783
258.798
260.164
259.336
258.772
258.579
259.853
257.928
320.809
