274.755
271.499
266.864
266.272
266.129
264.755
266.888
263.88
265.24
264.791
263.711
264.686
264.362
265.167
262.469
262.758
263.34
263.157
264.111
265.247
265.179
263.014
264.936
265.747
263.935
263.691
264.83
265.292
264.234
264.619
263.585
264.768
263.668
264.751
264.163
264.743
263.776
264.507
264.728
265.829
266.244
284.789
268.68
264.361
263.073
263.279
264.208
265.637
263.474
263.389
266.588
262.897
264.395
263.412
263.559
263.933
264.569
264.053
264.073
262.505
263.094
264.292
263.46
262.841
263.653
265.904
262.385
263.972
263.901
263.074
262.5
264.904
264.786
262.717
263.429
263.366
265.897
266.648
262.521
263.155
262.449
262.448
263.319
263.97
264.488
264.088
264.12
264.146
266.088
264.458
265.594
263.297
264.707
262.914
265.047
263.798
262.552
266.436
263.724
265.53
263.995
264.084
265.569
265.427
264.044
264.223
264.123
262.957
263.191
264.087
264.21
264.709
263.757
263.611
263.647
263.699
265.11
263.26
262.638
266.143
263.415
263.862
264.398
265.03
262.865
264.415
264.327
264.399
263.324
263.572
264.414
262.361
264.172
263.699
264.797
263.802
263.506
263.129
264.135
263.94
262.67
264.323
264.321
263.76
263.885
262.323
264.634
262.13
263.804
265.388
264.074
264.955
264.014
264.136
269.618
266.184
264.634
264.75
264.439
264.27
265.268
264.424
262.894
266.227
314.178
330.184
264.152
264.227
266.291
263.357
264.346
265.358
263.724
264.8
264.463
264.34
263.463
263.516
264.217
264.838
264.256
263.266
265.407
264.233
265.036
262.494
264.299
264.342
264.125
265.211
263.212
263.465
262.911
262.903
262.909
264.418
263.053
264.554
263.614
263.593
265.658
263.577
264.828
263.566
263.905
262.981
262.856
263.292
261.836
263.515
267.734
262.978
266.641
264.172
263.79
263.951
264.976
265.011
288.797
263.687
263.178
264.845
264.179
264.98
262.97
263.685
264.072
263.853
262.156
263.115
264.884
263.616
263.774
264.809
266.651
265.487
265.399
265.378
267.009
267.887
265.369
264.946
265.257
264.658
266.721
265.422
269.458
264.832
265.097
266.287
266.682
267.122
264.614
268.474
270.676
265.246
266.848
265.578
266.532
264.38
266.309
267.889
265.631
265.185
266.908
266.028
265.567
267.508
268.275
265.303
264.248
264.113
265.111
265.003
263.654
265.342
267.644
265.523
264.188
262.982
264.22
263.054
264.567
263.617
265.601
262.561
266.533
264.078
265.282
263.702
264.499
264.01
263.898
264.449
263.275
265.342
264.231
263.737
264.162
264.098
265.85
264.595
264.771
263.559
264.259
263.406
263.47
264.539
265.38
265.565
265.112
265.774
267.493
267.523
265.687
267.317
267.053
265.099
265.863
266.676
264.873
266.481
266.403
269.259
267.165
270.428
266.311
265.435
266.484
266.265
266.862
266.364
266.076
265.758
266.781
266.578
265.7
266.757
266.287
266.343
268.783
265.569
266.742
266.134
266.147
266.397
266.308
265.42
265.54
263.22
264.26
263.878
266.074
264.28
263.893
263.828
263.373
264.489
263.667
262.892
263.773
263.219
279.026
264.365
263.273
262.803
264.931
264.936
263.429
265.01
264.217
264.787
263.967
264.279
263.138
264.362
264.354
263.897
264.893
263.436
266.424
268.816
264.183
263.784
264.505
263.375
265.386
265.067
266.124
287.91
271.381
298.281
275.711
296.982
264.381
265.425
265.788
263.955
264.137
265.705
266.796
265.227
265.825
264.796
264.629
263.439
262.819
265.138
264.495
263.468
264.05
264.742
264.159
263.63
263.744
263.183
264.532
262.836
265.148
264.353
263.599
263.841
263.969
263.762
263.573
263.805
263.923
264.734
263.605
263.312
265.565
264.894
263.068
263.622
265.284
264.741
267.15
264.182
266.338
263.86
264.379
263.152
264.161
263.658
263.035
262.975
263.467
264.259
261.719
263.422
263.786
263.77
263.16
265.533
262.545
262.765
263.6
264.101
263.838
265.107
265.672
267.304
267.914
265.533
265.339
266.351
266.823
266.563
266.529
266.575
266.428
264.844
265.876
268.07
266.504
266.159
266.809
266.263
265.16
265.896
266.876
266.937
265.589
265.789
267.451
265.898
266.467
264.474
265.117
265.804
267.452
267.235
267.589
268.859
271.158
265.435
264.578
266.19
266.61
324.817
