#1.25992
#7.15471
#6.27692
#6.16862
#4.10154
#3.22142
#3.23863
#2.65654
#2.53071
#2.55012
1.97342
2.03913
1.87617
1.91404
1.908
1.95938
1.97383
1.98729
2.01262
2.36238
2.05783
2.00292
1.90854
1.92617
1.96604
1.81604
2.05938
2.32746
2.56908
2.51917
2.59942
2.04575
1.91792
1.92121
2.42675
2.5285
2.50533
2.53925
2.5235
2.49279
2.49663
2.95308
3.08012
3.25625
2.36779
2.66758
2.59596
3.33587
3.095
3.20438
3.20629
2.93583
3.46821
3.13538
3.156
3.22967
3.15454
3.57163
3.6405
3.61288
3.32012
3.25567
3.858
3.58113
3.40312
3.26412
3.39479
3.33029
3.67342
3.69067
3.50375
3.64567
3.97542
3.66179
3.62121
3.77537
4.98358
4.27192
3.64417
3.79058
4.724
4.81125
3.51337
3.74629
4.77125
5.05446
4.63308
4.07538
4.97837
4.58896
3.71958
4.65738
4.85496
4.61375
4.00142
5.30388
4.04517
3.86362
3.89496
4.64558
3.76458
3.64542
4.01442
4.99833
3.65921
3.00992
3.66754
4.61804
4.59925
