#2.16704
#4.10408
#3.02475
#2.13138
#1.57629
#1.58204
#1.57933
#1.55929
#1.55954
#1.33683
1.25229
1.28779
1.28817
1.30271
3.679
1.63646
0.996583
1.14975
0.990792
0.999625
0.925
1.46588
1.40383
1.02046
0.976667
0.974084
0.982083
1.03521
0.963417
0.954833
1.0525
0.900708
1.02863
1.0185
1.06946
1.00133
0.982917
1.01004
1.01642
0.977958
0.947208
1.00263
1.01854
0.977916
1.1205
1.24913
1.29225
1.28621
1.29375
1.26137
1.22588
0.964875
1.0465
0.998458
1.02425
0.986
1.00879
1.00625
1.011
1.17092
1.27783
1.32496
1.27904
1.30692
1.26012
1.30504
1.25304
1.32946
1.27321
1.08275
0.980583
0.986666
0.990417
1.2325
1.33183
1.245
1.34337
1.249
1.30313
1.282
1.27571
1.29983
1.30683
1.30542
1.34029
1.45246
1.38567
1.60233
1.59842
1.59088
1.60925
1.73908
1.46517
1.2455
1.294
1.30025
1.29462
1.58367
1.68158
1.58775
1.60125
1.65117
1.58921
1.68033
1.60913
1.59442
1.44013
1.36946
2.00217
