#2.40925
#9.89408
#8.36321
#5.98383
#4.53225
#3.87083
#3.48958
#3.23483
#2.46554
#2.76608
2.75962
2.58188
2.73013
2.86383
3.44892
3.02992
2.60621
2.52963
2.687
2.88608
3.63483
3.39883
3.50304
3.44512
3.17175
4.35712
3.42767
3.51054
3.45629
4.34638
4.45388
4.31137
3.92579
4.82858
4.9245
4.33404
4.63825
5.23792
5.16925
5.46058
5.35921
5.28662
5.31796
6.72679
5.18417
5.68625
6.74662
5.497
5.7235
6.703
5.22383
6.42788
6.59667
5.39404
7.4115
6.88158
8.24571
7.15204
7.944
8.26396
7.09092
8.26842
6.62983
8.22825
7.14683
7.54654
6.71012
6.91171
6.68246
7.02763
6.72321
6.68196
6.09825
6.78258
6.21792
6.66233
5.77492
5.5715
7.09733
6.8575
6.93204
5.49917
5.32521
7.88338
6.77975
6.23562
7.13262
6.37329
6.71454
6.86942
6.98017
6.75092
5.92883
7.06779
6.90354
6.51333
5.42233
5.23037
6.73425
5.63588
5.47387
6.69567
5.13233
5.11583
6.71304
5.12746
5.36425
6.89275
5.03867
