#2.31708
#5.33808
#4.41467
#2.59125
#2.15225
#2.54688
#2.40179
#1.78158
#1.72175
#1.73871
1.85458
1.52558
1.36483
1.40242
1.38333
1.31533
1.41892
1.388
1.34204
1.35783
1.33675
1.39454
1.37662
1.57625
1.77508
1.76063
1.40313
1.41271
1.40646
1.35671
1.37646
1.42642
1.34025
1.34321
1.47988
1.8035
1.82717
1.76638
1.75717
1.7115
1.78112
1.36654
1.41446
1.33833
1.47463
1.59713
1.98508
1.78183
1.76496
1.86462
1.86396
1.73317
1.79967
1.77942
2.18571
2.23883
2.31162
2.33587
1.94463
1.75329
1.76592
1.78988
2.03083
2.35038
2.30171
2.31671
2.31413
2.23517
2.30838
2.05529
2.658
2.47983
2.2095
2.27296
2.35854
2.25279
2.30496
2.81046
2.72771
2.72863
2.30138
2.23946
2.31821
2.44675
2.69829
2.74187
2.57642
2.23108
2.29933
2.32925
2.584
2.63854
2.60862
2.74917
2.70271
2.34071
2.43179
2.575
2.80662
2.61817
2.70421
2.83692
2.56479
2.50075
2.74587
2.71321
2.74925
2.58404
2.26696
