1.79821
3.163
4.10282
4.23008
4.1516
4.28332
4.66807
4.50309
3.80408
3.7873
4.19389
3.93694
3.43677
3.84065
3.73385
4.20816
3.81353
3.69503
3.62044
3.89832
3.42951
3.88396
3.48842
3.59996
3.56374
3.68067
3.58666
3.61377
3.66041
3.75136
3.65038
3.75926
3.56896
3.40324
3.71888
3.58396
3.82805
3.57168
3.67223
3.61566
3.79886
3.57912
3.76814
3.72364
3.41561
3.75716
3.44882
3.69792
3.57827
3.97196
3.48474
5.40376
4.38238
3.65534
3.56104
3.77006
3.70032
3.43697
3.69097
3.59966
3.5634
3.57714
3.66498
3.66543
3.54309
3.62363
3.53566
3.77176
3.70508
3.69477
3.5884
3.56392
3.58471
3.63572
3.73869
3.70081
3.53741
3.65918
3.63129
3.806
3.67869
3.41472
3.85792
3.57435
3.51389
3.65481
3.61444
3.51565
3.56729
3.70303
3.73653
3.52267
3.56529
3.4907
3.75152
3.66678
3.52605
3.58216
3.82058
3.53569
3.66026
3.50887
3.48176
3.70921
3.55143
3.54729
3.79548
3.51941
3.56878
3.8401
