1.79606
3.31229
2.20241
1.81869
1.77023
1.84563
1.57817
1.51886
1.55269
1.40434
1.46093
1.56497
1.48385
1.85155
0.920861
0.756689
1.13536
1.44903
1.88923
0.854778
1.13141
1.17076
1.07626
1.19889
0.997901
1.09926
1.13098
1.02759
0.995865
0.931288
0.947902
0.961985
0.97353
1.61229
0.82232
1.06631
1.37293
1.57779
1.61574
1.31827
1.36225
1.46503
1.05273
1.08919
1.20094
1.37507
1.28419
1.15732
1.17257
1.37437
1.38496
1.21842
1.15167
1.25571
0.799632
0.709639
1.04184
1.1064
1.08714
0.67332
0.97621
1.01244
0.981481
0.998316
0.971026
0.952364
1.0149
1.03416
0.957358
0.995864
0.974353
0.982597
1.02176
0.964428
1.01063
0.982633
1.00413
1.06425
0.995853
1.00366
0.99623
1.03546
0.995918
0.983689
1.05465
0.947937
0.9647
1.02399
0.985644
1.04773
1.09914
0.952238
1.06751
0.974833
0.94206
1.08934
1.15077
1.06847
1.15254
1.16246
1.11033
1.17126
1.60428
1.45608
1.28038
1.24926
1.12811
1.1323
1.12159
1.15709
