3.41697
3.30745
0.785983
0.570339
0.47197
0.544894
0.607787
0.602896
1.32514
0.579284
0.509761
0.679113
0.594837
0.605045
0.597386
0.589154
0.558687
0.617151
0.658339
0.624323
0.635263
0.597598
0.676865
0.930141
0.890962
0.75978
0.623625
0.517259
0.540142
0.572341
0.639016
1.13517
0.575536
0.478532
0.501316
0.482968
0.517052
0.494734
0.551348
0.581407
0.590956
0.619229
0.599111
0.5413
0.506634
0.546167
0.541422
0.61054
0.615916
0.574075
0.6112
0.541913
0.574208
0.541425
0.489842
0.463023
0.449851
0.437015
0.499458
0.480553
0.484452
0.478575
0.563
0.50214
0.485987
0.460504
0.475557
0.547899
0.499388
0.473094
0.473164
0.453098
0.472891
0.441486
0.421492
0.487889
0.558499
0.583227
0.54608
0.478408
0.485395
0.5929
0.90207
0.80995
0.615877
0.617847
0.513258
0.431566
0.458183
0.4499
0.51631
0.663379
0.907186
0.656289
0.885094
0.581413
0.545725
0.493795
0.50124
0.432625
0.386111
0.264954
0.2655
0.326769
0.320371
0.30705
0.347143
0.42603
0.57238
0.635364
