3.0795
4.69811
1.56888
1.44862
0.88067
0.708203
0.862596
1.4521
1.08775
1.34644
1.75226
1.1386
1.22746
1.24881
1.41238
0.826423
0.776408
1.04851
1.05828
1.13622
1.14116
1.02581
0.729265
0.553865
0.702081
0.846743
1.17535
1.0451
1.08573
1.1723
1.65175
1.29711
1.05061
0.977395
1.1394
0.930093
1.25405
1.19748
1.18756
1.33434
1.59729
1.33739
1.30626
1.38408
1.69749
1.14966
1.31863
1.41358
1.43753
1.59301
1.40248
1.3418
2.32537
1.89634
1.61998
1.849
1.64276
1.45063
1.30695
1.45455
1.45724
1.58668
2.46094
2.3224
2.06396
2.87261
1.97464
1.67107
3.35529
2.64273
1.67748
1.92978
3.84563
1.59536
1.95125
1.95329
1.52212
1.55533
1.25082
1.23387
1.2252
1.13242
1.06633
1.09037
1.20867
1.288
1.74825
1.35674
3.00228
1.79939
1.50617
1.34814
1.28499
1.32202
1.42277
3.59865
1.5452
1.34617
1.53827
3.50639
2.95906
2.62575
2.24534
1.61751
3.06812
2.00587
1.41504
2.55791
1.55774
1.55596
