2.95009
3.14654
8.53295
9.24128
8.46565
7.67124
7.68148
7.13918
7.53056
7.85534
8.24054
7.0029
7.62687
7.08007
6.98848
7.22074
6.96599
6.98499
7.13653
7.05127
7.07563
6.82913
7.23155
7.02761
7.00313
6.95518
6.94732
7.2358
7.04788
7.02519
7.078
6.84024
7.00315
7.1536
6.93327
6.95174
7.20906
7.08042
7.05647
6.89507
7.12457
7.21929
6.93715
7.22047
6.99824
7.02284
6.90805
7.11599
6.99951
7.00278
7.1223
6.89615
6.94623
7.09543
6.89653
7.09526
6.97913
7.19066
7.07488
7.03542
7.32522
7.4917
7.20406
7.09828
7.01794
7.2027
7.12094
7.15984
7.03047
7.05139
7.1626
7.0761
6.83925
7.06623
6.94337
7.1281
7.19971
6.96568
7.21685
7.11392
6.70985
6.96984
6.9396
6.93798
6.94267
6.93356
7.03927
6.87734
6.73144
7.28246
6.83664
6.87879
7.13539
6.70172
7.09636
7.0194
6.9401
6.77222
6.85097
6.84438
7.03474
7.07993
6.7534
7.03732
6.99716
6.90216
6.87926
6.95011
7.02307
6.9083
