3.83106
3.90638
1.64365
1.82022
2.05092
2.92943
2.06095
2.85454
1.99769
1.98765
2.07495
1.70805
3.46584
2.91722
1.49954
1.92263
1.74566
1.96507
1.78496
1.55549
1.54034
1.66008
1.73253
2.93324
1.6594
1.65796
1.7681
1.68078
1.76258
1.61182
1.76642
1.42856
1.81867
1.78967
1.56486
1.68024
1.83037
3.16824
1.62453
1.51853
1.70739
2.96217
1.73977
1.85602
1.82569
1.71527
1.73553
2.98518
1.53084
1.88064
3.16902
1.69354
1.41085
1.9834
2.91624
1.65909
1.79516
4.05569
1.78372
1.56135
1.63799
1.8975
1.50855
1.63329
1.74707
1.93113
3.14018
1.60804
1.56246
1.78582
1.74789
1.54526
1.69001
1.59649
1.73025
1.4431
1.65426
1.67961
1.75514
1.50817
1.66627
1.77612
1.59375
1.68295
1.59191
1.62437
1.62866
1.68466
1.6872
1.59067
1.69362
1.72071
1.63132
1.63305
1.61143
1.88372
1.56717
1.59691
1.74389
1.53102
1.64774
1.67962
1.67352
1.57384
1.71192
1.61455
1.65448
1.62376
1.76059
1.58191
