3.46764
3.01232
17.2041
17.6174
17.2614
16.8789
15.4999
16.8652
14.3994
14.6517
14.6547
13.8159
13.3898
13.4987
14.3138
14.9127
14.1549
13.5689
13.5643
13.5228
13.646
13.6272
13.4154
13.6621
13.6512
13.6177
13.6433
13.4846
13.3888
13.6023
13.5554
13.683
13.4903
13.5176
13.5514
13.542
13.5902
13.5767
13.8157
15.6162
14.4538
14.0406
14.8754
14.4541
14.2627
14.6565
14.3202
13.9698
13.663
13.8022
13.8511
13.8114
13.8066
13.7486
13.6869
13.8405
13.8441
13.7754
13.8213
13.718
13.7885
13.8478
13.7478
13.7804
13.815
13.5673
13.7501
13.7222
14.0298
13.7264
13.5837
13.7666
13.8477
13.7657
14.0275
13.4699
13.8876
13.7393
13.7106
13.9914
13.6003
13.9052
13.7314
13.731
13.6866
13.8805
13.7549
13.6793
13.9105
13.6411
13.7785
13.8135
13.7231
13.8695
13.5591
14.0606
13.4039
13.8753
13.4813
13.5774
13.5257
13.8115
13.6803
13.8228
13.6651
13.6608
13.549
13.6182
13.4927
13.5946
