1.87651
2.72785
3.17537
1.16928
1.03159
0.653497
0.930385
1.03031
1.09347
0.999666
1.09405
1.05771
1.70622
1.10314
0.983337
0.963607
1.71772
0.957847
0.969092
1.04326
1.02565
0.9753
1.02921
0.824873
0.867446
0.879175
1.01798
1.42748
1.0812
1.11555
1.09564
1.7991
0.774845
0.850833
0.883304
0.87782
0.98904
0.817979
1.43099
1.24595
1.1528
1.46006
1.38974
1.38385
1.8924
2.26758
1.28848
1.26448
1.30009
1.28435
1.17857
1.1477
1.16205
1.29417
1.15366
1.05791
1.20387
1.86244
2.23128
1.28666
1.22855
1.18217
1.15148
1.04255
0.980569
0.896134
0.93207
1.28364
1.47444
1.18117
1.4408
2.30433
0.91555
0.649723
0.602372
0.596881
0.554427
0.612291
0.658985
0.634469
0.913763
0.668177
0.689818
0.598003
0.677005
0.924198
0.75721
1.06589
1.0087
1.25803
2.48931
0.961028
0.976984
0.904707
0.954813
0.691557
0.567575
0.659527
0.676739
0.838559
0.576238
0.602565
0.660044
0.92177
1.02975
0.624849
0.961023
1.66183
2.5194
1.21526
