5.35323
4.98727
1.43717
1.21109
1.2768
1.15206
1.03127
0.850843
1.26857
1.9395
2.69498
2.28665
0.898497
1.03444
1.10779
1.14162
1.16243
1.1071
1.1838
1.13705
3.09725
0.897082
1.05742
3.13179
1.82967
1.25596
0.875272
1.02767
1.40401
1.57205
1.15519
0.767667
0.907854
0.881263
1.0706
0.741747
2.43342
1.07214
2.06919
0.707259
0.773484
0.766496
0.831923
0.909968
1.30168
1.83474
1.659
1.34598
1.19052
1.2043
1.62618
1.40897
1.51632
1.33159
1.38563
1.34739
1.44178
1.32423
0.983088
0.91504
0.823419
0.749403
0.696263
0.670352
0.705596
2.98055
1.70273
1.52914
1.29925
1.39301
1.53672
1.14221
0.744702
0.876481
0.751092
0.526482
0.592851
0.898815
1.29821
1.26538
1.07674
1.03347
1.01564
0.992488
1.03095
0.861832
0.643072
0.683902
1.2368
1.02553
0.725509
0.586052
0.648076
0.483388
1.1035
1.08056
0.934818
0.55735
0.368059
0.453314
0.631868
0.550383
0.587524
0.530629
0.622933
0.539418
0.779851
0.911761
0.765585
0.794591
