4.13284
5.35253
39.4742
36.0678
35.5806
34.1491
33.6614
33.4464
35.4039
35.7765
34.3235
34.2387
33.8216
33.7362
33.4523
33.3774
33.6729
33.6507
33.6697
33.7225
33.5362
33.381
33.9242
34.1361
33.8424
33.902
34.0327
33.9153
34.0257
34.1593
33.7574
34.2572
34.1301
33.8455
33.8197
33.8688
33.8288
34.0126
33.8681
34.0608
33.7164
33.9312
33.91
33.8925
33.903
34.0775
33.5696
34.1588
34.2371
33.5148
33.479
33.4456
33.6337
33.4139
33.7577
33.6695
33.4827
33.5585
33.3636
33.6536
33.4566
33.6523
33.4008
33.3469
33.5902
33.4696
33.4979
33.4087
33.5052
33.4193
33.4133
33.6996
33.7798
33.5059
33.309
33.6929
33.5579
33.3251
33.4983
33.4492
33.2963
33.5953
33.452
33.7368
33.3413
33.6139
33.319
33.5307
33.6615
33.4759
33.4171
33.5427
33.5296
33.4536
33.4004
33.5321
33.4634
33.4818
33.6165
33.6993
33.6659
33.3466
33.4706
33.6174
33.3582
33.7251
33.5252
33.2778
33.7733
33.5217
