2.70076
3.71802
1.46713
1.21181
0.975294
0.773295
1.81007
1.21932
1.23435
1.47877
1.7121
1.24093
1.20839
1.10527
1.05409
1.50658
1.34629
1.15945
1.20542
2.22698
1.60137
1.59963
3.29374
1.78122
1.47162
1.31916
1.17743
1.31034
1.99453
1.34628
1.26352
1.45817
1.79065
2.0592
1.00836
1.11925
1.68713
1.64632
1.85017
2.66237
1.6112
1.57262
2.21103
1.75287
1.53152
1.40747
1.25647
0.976371
0.728636
0.716677
1.46245
1.42439
0.943592
0.749543
0.649032
0.780359
0.658937
0.573762
0.582028
0.712452
0.595568
0.579925
0.664846
0.568936
0.719545
1.28357
1.37868
1.31032
1.17912
1.6612
1.15824
1.20446
1.10891
1.04273
0.936367
1.03022
0.969911
1.03661
1.07163
1.01147
1.27609
1.44359
1.32441
1.65958
1.30185
1.45578
1.18295
1.12041
1.1012
1.10697
1.31212
1.32306
1.26001
1.15171
1.07255
1.15857
1.09118
1.3135
1.2243
1.09319
1.06138
1.02462
1.03377
1.06315
1.09603
1.03617
1.05978
1.07572
1.03314
1.06788
