4.61478
8.06149
1.99299
1.77791
1.77314
1.72517
1.56945
2.17601
1.98921
1.9223
1.89396
2.34663
1.39333
0.952038
0.792116
0.788317
0.719648
1.77692
0.909936
0.685243
0.634448
0.594103
0.727367
0.70876
0.772216
1.52448
1.21483
0.832376
0.854877
0.746447
0.604105
0.6251
0.580378
0.584677
1.62771
0.856849
0.633388
0.661586
0.576124
0.532326
0.530365
0.563185
0.627302
1.37641
0.871282
0.621621
0.555468
0.550905
0.545451
0.627234
0.654249
0.667886
0.661944
1.15609
1.74852
1.3979
1.11804
0.69656
0.557556
0.537849
0.545624
1.64178
1.14866
0.866528
0.669684
0.629004
0.569204
0.481247
0.44571
0.527269
1.5175
0.65577
0.512449
0.774907
0.550165
0.448419
0.426403
0.427209
0.536104
0.498192
0.518268
0.810788
0.984261
0.78205
0.891909
0.87823
1.08782
1.5541
1.78785
1.22692
1.19753
1.05175
1.02616
0.926971
1.58876
0.943699
1.29809
1.41168
1.56593
0.746453
0.57112
0.503373
0.647911
0.847686
1.35336
1.49981
1.45575
1.33234
1.2838
1.65272
