#1.2465
#7.0965
#6.56375
#6.17775
#5.27617
#3.29992
#3.39196
#2.80908
#2.58029
#2.48475
2.25983
1.87129
1.95754
2.01429
1.93458
1.93921
1.87725
1.86042
2.10396
2.36004
2.27979
2.001
1.96875
1.97542
1.91742
1.87679
2.02412
2.38158
2.57858
2.62175
2.4415
2.04962
1.90096
1.96429
2.15875
2.40583
2.59313
2.59804
2.54088
2.56454
2.36687
2.87492
3.29817
2.76283
2.57779
2.57925
2.60217
3.05175
3.311
3.23108
3.22821
2.485
2.73413
3.15163
3.2445
3.18404
3.22779
3.19825
3.84492
3.5275
3.024
3.35583
3.03783
3.77121
3.816
3.56117
3.15921
3.27108
3.77162
4.23967
3.19267
3.20083
3.51975
3.60746
3.58796
3.63054
3.42108
5.06125
4.25367
3.55158
3.74662
4.90762
4.93817
3.91204
3.44104
4.97033
4.96429
4.18404
4.55179
5.06867
3.70342
3.78354
4.31733
4.78537
3.62996
3.74954
4.69463
4.07337
3.89113
3.87304
4.23433
3.74325
3.68492
4.01763
3.38133
3.73708
3.80433
3.67188
3.7235
