#1.34254
#9.92279
#8.95204
#7.54871
#4.46892
#4.19233
#3.4365
#3.51571
#2.42604
#2.76633
2.72458
2.64925
2.71171
2.655
3.35242
2.68213
2.78758
2.68042
2.74396
2.68708
3.41371
3.381
3.43442
2.75692
2.66175
3.21825
3.68654
3.49937
3.39967
3.31637
3.78487
4.14213
3.43158
3.49463
3.72629
4.35625
4.5885
4.18471
3.82958
4.52171
4.49342
4.42342
4.91125
4.62446
4.3435
4.39325
5.17942
4.88412
4.40537
4.87062
5.117
4.90658
4.67646
4.90717
5.33583
4.30879
4.791
6.33033
5.10096
4.79404
5.30683
4.79846
4.49713
5.12646
5.25917
4.31833
4.90375
5.40708
4.80262
4.78858
5.30638
4.86642
4.42917
5.06854
5.38925
4.40975
4.68508
5.33337
5.23375
5.07467
5.28908
5.33729
4.80629
5.43325
5.17612
5.29371
5.11208
5.27287
5.22546
4.98508
5.26079
5.37183
4.96417
5.74058
5.08608
6.00113
5.50337
5.11092
5.68146
5.63663
5.16742
5.80029
6.30925
5.33258
5.81571
5.78192
5.41579
5.88738
5.73625
