#2.27783
#5.51092
#4.39646
#4.50812
#4.23783
#2.17279
#2.38267
#2.48637
#2.06704
#1.77008
1.846
1.76588
1.81533
1.32971
1.43738
1.39579
1.29221
1.41088
1.41929
1.345
1.39717
1.43204
1.37092
1.39142
1.40988
1.2285
1.39325
1.32929
1.39263
1.35808
1.4415
1.35175
1.41625
1.34913
1.39721
1.41675
1.52375
1.70521
1.80417
1.79633
1.81046
1.65229
1.44483
1.33363
1.30725
1.43146
1.41821
1.55788
1.79888
1.75171
1.8385
1.8215
1.83088
1.79496
1.73167
1.42725
1.39967
1.95487
1.77121
1.85317
1.81204
1.86442
1.81246
1.82571
1.77346
1.80225
2.19779
2.30079
2.17017
2.37221
2.08363
1.76771
1.82517
1.82746
2.19279
2.17767
2.28146
2.26583
2.32946
2.33613
1.8955
1.81183
2.28292
2.25087
2.33213
2.25929
2.38229
2.26904
2.22263
2.60387
2.78058
2.14117
2.29483
2.24175
2.32158
2.31771
2.40883
2.72675
2.66629
2.25817
2.21342
2.28737
2.32483
2.55479
2.61975
2.73717
2.53075
2.35833
2.24146
