#1.37513
#4.39725
#7.61533
#1.19067
#3.69362
#3.80388
#8.29188
#0.6715
#3.94858
#3.74008
8.33387
0.61825
3.80212
3.78354
3.00954
6.13312
3.36692
3.86088
3.01154
3.00479
3.16546
1.47267
1.83908
1.97842
1.57646
1.56317
1.44633
5.44712
0.849125
2.24763
1.97117
1.58671
1.57225
1.57296
1.36621
5.55008
1.79454
1.96083
2.04854
1.54137
1.59979
1.56371
1.61371
6.50713
2.38617
1.94342
1.53783
1.59179
1.57304
6.73304
2.85892
2.03579
1.53621
1.60142
1.57742
6.82063
1.022
2.61871
2.20433
1.54792
1.612
1.56712
6.00246
0.923458
2.23246
2.42575
1.864
1.81288
1.60413
6.26825
0.610709
2.49796
2.46567
1.8415
1.85454
7.11296
0.628333
2.46408
2.41504
1.84646
1.82825
1.89075
7.19679
2.43775
2.308
1.92871
1.82904
6.83987
2.14692
3.52279
1.89792
1.91146
6.712
0.665125
3.12946
3.14029
2.34596
1.83225
2.32571
3.49008
3.26908
2.98567
2.49008
2.30579
3.1565
3.50204
2.16179
3.74096
3.03638
